       3658.5973   2.9723400e-16
       3660.6871   2.3980200e-16
       3662.7769   2.2801700e-17
       3664.8668   4.0202300e-16
       3666.9567   8.4234300e-17
       3669.0465   4.9489100e-16
       3671.1364   4.1917700e-16
       3673.2262   2.2815400e-16
       3675.3161   3.6032400e-16
       3677.4059   2.2952000e-16
       3679.4957   2.2784700e-16
       3681.5856   3.4635600e-16
       3683.6754   3.9598200e-16
       3685.7652   4.0288300e-16
       3687.8551   4.9684700e-16
       3689.9449   4.5505900e-16
       3692.0348   4.2264500e-16
       3694.1247   3.2546800e-16
       3696.2144   3.5385300e-16
       3698.3044   2.4232300e-16
       3700.3942   2.2144000e-16
       3702.4840   3.2996500e-16
       3704.5739   2.7479000e-16
       3706.6637   2.9663200e-16
       3708.7536   3.5311500e-16
       3710.8434   3.7932500e-16
       3712.9332   3.9517300e-16
       3715.0231   3.6012500e-16
       3717.1129   3.4208600e-16
       3719.2027   2.5257900e-16
       3721.3027   3.2424500e-16
       3723.3925   3.1743300e-16
       3725.4823   3.7337500e-16
       3727.5722   3.9466900e-16
       3729.6620   4.3897500e-16
       3731.7519   3.9038800e-16
       3733.8417   2.4928700e-16
       3735.9315   3.0776700e-16
       3738.0214   3.6395300e-16
       3740.1112   3.6725400e-16
       3742.2010   3.4651400e-16
       3744.2909   3.1931400e-16
       3746.3807   3.2013500e-16
       3748.4706   3.9839900e-16
       3750.5604   3.3601900e-16
       3752.6503   3.6168000e-16
       3754.7402   3.9033700e-16
       3756.8300   3.5731100e-16
       3758.9198   4.2599000e-16
       3761.0097   3.6537400e-16
       3763.0995   3.8569800e-16
       3765.1894   3.6828800e-16
       3767.2792   3.4074400e-16
       3769.3690   3.5548900e-16
       3771.4589   3.5992900e-16
       3773.5487   3.0173200e-16
       3775.6385   3.2409200e-16
       3777.7284   4.3694500e-16
       3779.8182   3.0604100e-16
       3781.9082   3.1104300e-16
       3784.0080   4.6836500e-16
       3786.0978   3.8214700e-16
       3788.1876   3.7792500e-16
       3790.2775   4.2133300e-16
       3792.3673   4.4076200e-16
       3794.4572   3.6579000e-16
       3796.5470   3.5090700e-16
       3798.6368   3.9677600e-16
       3800.7267   3.9889900e-16
       3802.8165   3.6975600e-16
       3804.9063   3.8250700e-16
       3806.9963   3.7931200e-16
       3809.0861   4.1289700e-16
       3811.1760   4.1578400e-16
       3813.2658   3.9794300e-16
       3815.3556   4.1223000e-16
       3817.4455   3.7952900e-16
       3819.5353   3.9771300e-16
       3821.6251   4.1547800e-16
       3823.7150   4.0205300e-16
       3825.8048   3.9767900e-16
       3827.8947   4.2892600e-16
       3829.9845   4.6091000e-16
       3832.0743   4.6074200e-16
       3834.1642   4.0161300e-16
       3836.2541   3.8972400e-16
       3838.3439   4.3209700e-16
       3840.4338   4.6763400e-16
       3842.5236   5.2110800e-16
       3844.6135   5.1973000e-16
       3846.7133   5.0527600e-16
       3848.8031   5.2583800e-16
       3850.8929   5.1254700e-16
       3852.9828   5.0002900e-16
       3855.0726   4.8714200e-16
       3857.1625   4.1365600e-16
       3859.2523   4.5863900e-16
       3861.3421   4.5041700e-16
       3863.4321   4.2490800e-16
       3865.5219   4.0320100e-16
       3867.6117   4.0752700e-16
       3869.7016   4.1662000e-16
       3871.7914   4.1546100e-16
       3873.8813   4.5918100e-16
       3875.9711   4.5038300e-16
       3878.0609   4.2336400e-16
       3880.1508   4.5884000e-16
       3882.2406   4.6812100e-16
       3884.3304   4.2267200e-16
       3886.4203   4.0598500e-16
       3888.5101   4.1548500e-16
       3890.6000   4.1999000e-16
       3892.6899   4.4964800e-16
       3894.7796   4.0945300e-16
       3896.8696   3.8764100e-16
       3898.9594   4.1288600e-16
       3901.0492   4.0534300e-16
       3903.1391   4.7743800e-16
       3905.2289   4.4299000e-16
       3907.3188   4.4120500e-16
       3909.4186   4.1280400e-16
       3911.5084   4.3356100e-16
       3913.5982   4.2196600e-16
       3915.6881   4.2312500e-16
       3917.7780   4.1339700e-16
       3919.8679   4.3261100e-16
       3921.9577   4.2973200e-16
       3924.0475   4.3062300e-16
       3926.1374   4.2318200e-16
       3928.2272   4.5102200e-16
       3930.3170   4.1273000e-16
       3932.4069   4.2385700e-16
       3934.4967   4.1373800e-16
       3936.5866   4.1756200e-16
       3938.6764   4.1963500e-16
       3940.7662   4.2780000e-16
       3942.8561   4.2242000e-16
       3944.9459   4.4831700e-16
       3947.0357   4.4134600e-16
       3949.1256   4.3571900e-16
       3951.2155   4.5062400e-16
       3953.3054   4.1817700e-16
       3955.3952   4.1195900e-16
       3957.4850   4.2886700e-16
       3959.5749   4.4233100e-16
       3961.6647   4.3538900e-16
       3963.7545   4.1680900e-16
       3965.8444   4.2348700e-16
       3967.9342   4.0907300e-16
       3970.0241   4.1932100e-16
       3972.1240   4.2622000e-16
       3974.2137   4.4768100e-16
       3976.3037   4.5080700e-16
       3978.3935   4.4681100e-16
       3980.4833   4.3728000e-16
       3982.5732   4.2323700e-16
       3984.6630   4.2011000e-16
       3986.7528   4.2278100e-16
       3988.8427   4.3496800e-16
       3990.9325   4.5782200e-16
       3993.0224   4.5468900e-16
       3995.1122   4.4608300e-16
       3997.2020   4.2993800e-16
       3999.2919   4.3688100e-16
       4001.3817   4.3365000e-16
       4003.4716   4.5270000e-16
       4005.5615   4.3213500e-16
       4007.6513   4.0140100e-16
       4009.7412   4.3345800e-16
       4011.8310   4.4632400e-16
       4013.9208   4.2417000e-16
       4016.0107   3.9840300e-16
       4018.1005   4.2194100e-16
       4020.1903   4.1831800e-16
       4022.2802   4.2796900e-16
       4024.3700   4.1560300e-16
       4026.4599   4.2387000e-16
       4028.5497   3.9269000e-16
       4030.6395   4.1009400e-16
       4032.7294   4.0878400e-16
       4034.8193   3.8852700e-16
       4036.9191   4.2452800e-16
       4039.0090   4.1761100e-16
       4041.0988   4.0438200e-16
       4043.1886   3.9848500e-16
       4045.2785   3.9330700e-16
       4047.3683   4.1327200e-16
       4049.4581   4.0134600e-16
       4051.5480   3.8592400e-16
       4053.6378   3.7864600e-16
       4055.7277   3.9871400e-16
       4057.8175   4.1252200e-16
       4059.9073   3.9511000e-16
       4061.9973   4.0407300e-16
       4064.0871   3.9900800e-16
       4066.1769   4.0253800e-16
       4068.2668   4.0448300e-16
       4070.3566   4.0947000e-16
       4072.4465   4.0152300e-16
       4074.5363   3.9309300e-16
       4076.6261   3.9780000e-16
       4078.7160   4.0603000e-16
       4080.8058   4.1560900e-16
       4082.8956   4.1233900e-16
       4084.9855   4.2073100e-16
       4087.0753   4.1666300e-16
       4089.1653   4.1093200e-16
       4091.2551   3.9740200e-16
       4093.3449   4.1487100e-16
       4095.4348   4.0526300e-16
       4097.5246   4.0868700e-16
       4099.6144   4.0022900e-16
       4101.7143   4.2126100e-16
       4103.8041   4.1742500e-16
       4105.8939   3.9794800e-16
       4107.9838   4.0010600e-16
       4110.0736   4.1535600e-16
       4112.1634   3.8256200e-16
       4114.2533   4.1623500e-16
       4116.3431   3.9664500e-16
       4118.4331   4.1663000e-16
       4120.5229   4.0325100e-16
       4122.6127   3.8293800e-16
       4124.7026   4.1431900e-16
       4126.7924   4.2155700e-16
       4128.8822   3.9254200e-16
       4130.9721   4.0821700e-16
       4133.0619   3.9286100e-16
       4135.1518   3.9978600e-16
       4137.2416   3.8947300e-16
       4139.3314   3.9167400e-16
       4141.4213   3.9366600e-16
       4143.5111   3.9691500e-16
       4145.6010   4.1279800e-16
       4147.6908   3.8177300e-16
       4149.7807   4.0274400e-16
       4151.8706   4.1334800e-16
       4153.9604   4.0869300e-16
       4156.0502   3.9353700e-16
       4158.1401   3.9002400e-16
       4160.2299   4.0518900e-16
       4162.3197   3.9770700e-16
       4164.4196   3.8550600e-16
       4166.5094   4.0077900e-16
       4168.5992   3.9737200e-16
       4170.6892   3.9489200e-16
       4172.7789   4.0027000e-16
       4174.8689   4.0427300e-16
       4176.9587   3.9389000e-16
       4179.0485   4.0798700e-16
       4181.1384   3.9579300e-16
       4183.2282   3.9463600e-16
       4185.3180   3.9418200e-16
       4187.4079   3.8706900e-16
       4189.4977   3.8774600e-16
       4191.5876   3.9369300e-16
       4193.6774   3.9936200e-16
       4195.7672   3.9499100e-16
       4197.8571   3.9332300e-16
       4199.9469   3.9750100e-16
       4202.0368   4.0152200e-16
       4204.1267   4.1799200e-16
       4206.2165   3.9857900e-16
       4208.3063   3.9047600e-16
       4210.3962   3.8785600e-16
       4212.4860   3.8477600e-16
       4214.5759   4.0196100e-16
       4216.6657   3.9228000e-16
       4218.7555   3.8679800e-16
       4220.8454   3.8614200e-16
       4222.9352   3.8913200e-16
       4225.0250   3.8787900e-16
       4227.1250   3.8655800e-16
       4229.2148   3.9140000e-16
       4231.3046   4.0813300e-16
       4233.3945   3.8996700e-16
       4235.4843   3.9948000e-16
       4237.5742   3.9537000e-16
       4239.6640   4.0059300e-16
       4241.7538   3.9707900e-16
       4243.8437   4.0423400e-16
       4245.9335   3.9919300e-16
       4248.0233   3.8909500e-16
       4250.1132   3.9998000e-16
       4252.2030   3.8430600e-16
       4254.2929   3.8439800e-16
       4256.3827   3.8705100e-16
       4258.4726   4.0263600e-16
       4260.5625   4.0094300e-16
       4262.6523   4.0059000e-16
       4264.7421   4.0189600e-16
       4266.8320   3.9263600e-16
       4268.9218   4.1281800e-16
       4271.0117   4.0240900e-16
       4273.1015   4.0669000e-16
       4275.1913   3.9410700e-16
       4277.2812   4.1233800e-16
       4279.3710   4.0682500e-16
       4281.4608   4.0261700e-16
       4283.5507   4.0135100e-16
       4285.6405   4.0576000e-16
       4287.7305   4.1315500e-16
       4289.8303   3.9997000e-16
       4291.9201   3.9688300e-16
       4294.0099   4.0513400e-16
       4296.0998   4.0442500e-16
       4298.1896   4.1182600e-16
       4300.2795   4.0607600e-16
       4302.3693   4.0385100e-16
       4304.4591   4.1254300e-16
       4306.5490   4.1563800e-16
       4308.6388   4.1144200e-16
       4310.7286   4.0620600e-16
       4312.8185   4.1253000e-16
       4314.9083   4.1545400e-16
       4316.9983   4.1025400e-16
       4319.0881   4.0665400e-16
       4321.1779   4.1403000e-16
       4323.2678   4.0755800e-16
       4325.3576   4.0550700e-16
       4327.4474   4.1351400e-16
       4329.5373   4.0916300e-16
       4331.6271   4.0890800e-16
       4333.7170   4.0477900e-16
       4335.8068   4.0618600e-16
       4337.8966   4.0107100e-16
       4339.9865   4.1018800e-16
       4342.0763   4.0433700e-16
       4344.1662   4.1111900e-16
       4346.2561   4.0687900e-16
       4348.3459   4.1884600e-16
       4350.4358   4.1048900e-16
       4352.5256   4.0412700e-16
       4354.6254   4.1058100e-16
       4356.7152   4.1853600e-16
       4358.8051   4.1609000e-16
       4360.8949   4.0886500e-16
       4362.9848   3.9706700e-16
       4365.0746   4.1311700e-16
       4367.1644   4.0469700e-16
       4369.2544   4.1437500e-16
       4371.3442   4.1480400e-16
       4373.4340   4.0971100e-16
       4375.5239   4.2134700e-16
       4377.6137   4.1157000e-16
       4379.7036   4.0084900e-16
       4381.7934   4.0474600e-16
       4383.8832   4.1558700e-16
       4385.9731   4.0447400e-16
       4388.0629   4.0944900e-16
       4390.1527   4.0769700e-16
       4392.2426   4.2045500e-16
       4394.3324   4.0655900e-16
       4396.4223   4.0140100e-16
       4398.5121   4.0193100e-16
       4400.6020   3.9790800e-16
       4402.6919   4.1131300e-16
       4404.7817   4.1117600e-16
       4406.8715   4.0424700e-16
       4408.9614   4.0441100e-16
       4411.0512   4.1053000e-16
       4413.1411   4.0123600e-16
       4415.2309   4.0251100e-16
       4417.3307   3.9717000e-16
       4419.4206   3.9963800e-16
       4421.5104   3.9307500e-16
       4423.6002   3.9241300e-16
       4425.6902   3.9494700e-16
       4427.7800   4.0065800e-16
       4429.8698   4.0037400e-16
       4431.9597   4.0167900e-16
       4434.0495   3.9143900e-16
       4436.1394   3.9846700e-16
       4438.2292   4.0046600e-16
       4440.3190   3.9463000e-16
       4442.4089   3.9831400e-16
       4444.4987   3.9334100e-16
       4446.5885   4.0200900e-16
       4448.6784   3.9387000e-16
       4450.7682   4.0245000e-16
       4452.8581   4.0107800e-16
       4454.9479   3.9360500e-16
       4457.0378   4.0468400e-16
       4459.1277   4.0196100e-16
       4461.2175   3.8788800e-16
       4463.3073   3.8892700e-16
       4465.3972   3.9110200e-16
       4467.4870   3.9401700e-16
       4469.5769   4.1050600e-16
       4471.6667   4.0571400e-16
       4473.7565   3.9923000e-16
       4475.8464   3.9751800e-16
       4477.9362   4.0614700e-16
       4480.0360   4.1736600e-16
       4482.1260   4.2775800e-16
       4484.2158   4.2988300e-16
       4486.3056   4.2478300e-16
       4488.3955   4.1893000e-16
       4490.4853   4.1445900e-16
       4492.5751   3.9721200e-16
       4494.6650   3.8704400e-16
       4496.7548   3.8989800e-16
       4498.8447   3.8708000e-16
       4500.9345   3.9342300e-16
       4503.0243   3.9794400e-16
       4505.1142   3.8921500e-16
       4507.2040   3.9317800e-16
       4509.2938   4.0096800e-16
       4511.3837   3.9988600e-16
       4513.4735   3.9999900e-16
       4515.5635   3.9327700e-16
       4517.6533   4.0323200e-16
       4519.7431   3.9667600e-16
       4521.8330   3.8442300e-16
       4523.9228   4.0146000e-16
       4526.0126   4.0181800e-16
       4528.1025   4.0068900e-16
       4530.1923   4.0525600e-16
       4532.2822   3.9288700e-16
       4534.3720   4.0500500e-16
       4536.4618   3.8941500e-16
       4538.5517   3.8700500e-16
       4540.6415   4.0095500e-16
       4542.7414   3.9898200e-16
       4544.8313   4.0311700e-16
       4546.9211   3.9360700e-16
       4549.0109   3.9863600e-16
       4551.1008   4.0285000e-16
       4553.1906   4.0027700e-16
       4555.2804   3.9533200e-16
       4557.3703   3.9450300e-16
       4559.4601   3.9024500e-16
       4561.5500   3.9673000e-16
       4563.6398   3.8521300e-16
       4565.7296   3.9094800e-16
       4567.8196   3.9179400e-16
       4569.9094   3.8308000e-16
       4571.9992   3.9987700e-16
       4574.0891   4.0003800e-16
       4576.1789   3.8995100e-16
       4578.2688   3.9703700e-16
       4580.3586   3.9207800e-16
       4582.4484   3.9026500e-16
       4584.5383   3.9750700e-16
       4586.6281   3.9622700e-16
       4588.7179   3.8973600e-16
       4590.8078   3.8666400e-16
       4592.8976   3.8854400e-16
       4594.9875   3.9205600e-16
       4597.0773   3.9217100e-16
       4599.1672   3.9176800e-16
       4601.2571   3.8512800e-16
       4603.3469   3.8432400e-16
       4605.4467   3.9120800e-16
       4607.5366   4.0136600e-16
       4609.6264   3.8643400e-16
       4611.7162   3.8990700e-16
       4613.8061   3.8924900e-16
       4615.8959   3.9170300e-16
       4617.9857   3.8611000e-16
       4620.0756   3.8809700e-16
       4622.1655   3.9905800e-16
       4624.2554   3.7874400e-16
       4626.3452   3.9517700e-16
       4628.4350   3.8489000e-16
       4630.5249   3.8756700e-16
       4632.6147   3.7342600e-16
       4634.7045   3.9039000e-16
       4636.7944   3.8785200e-16
       4638.8842   3.8444700e-16
       4640.9741   3.7760400e-16
       4643.0639   3.7780400e-16
       4645.1537   3.7291100e-16
       4647.2436   3.8478800e-16
       4649.3334   3.7763200e-16
       4651.4232   3.7876200e-16
       4653.5131   3.7137100e-16
       4655.6030   3.8079700e-16
       4657.6929   3.8381800e-16
       4659.7827   3.7781100e-16
       4661.8725   3.8031900e-16
       4663.9624   3.8051800e-16
       4666.0522   3.8539400e-16
       4668.1420   3.7601400e-16
       4670.2319   3.8093800e-16
       4672.3317   3.7186800e-16
       4674.4215   3.6707600e-16
       4676.5114   3.6505500e-16
       4678.6012   3.6956000e-16
       4680.6912   3.6741200e-16
       4682.7810   3.7779700e-16
       4684.8708   3.7149200e-16
       4686.9607   3.6672500e-16
       4689.0505   3.6737500e-16
       4691.1403   3.6548600e-16
       4693.2302   3.6982300e-16
       4695.3200   3.6538100e-16
       4697.4099   3.6201000e-16
       4699.4997   3.6342700e-16
       4701.5895   3.7200100e-16
       4703.6794   3.7060900e-16
       4705.7692   3.6231600e-16
       4707.8590   3.6330100e-16
       4709.9489   3.7081500e-16
       4712.0388   3.6393100e-16
       4714.1287   3.7344700e-16
       4716.2185   3.5746300e-16
       4718.3083   3.6008600e-16
       4720.3982   3.5860500e-16
       4722.4880   3.6639500e-16
       4724.5778   3.6265500e-16
       4726.6677   3.6255700e-16
       4728.7575   3.5681900e-16
       4730.8474   3.5711900e-16
       4732.9372   3.6610700e-16
       4735.0370   3.5241800e-16
       4737.1269   3.6121100e-16
       4739.2168   3.5338600e-16
       4741.3066   3.5414800e-16
       4743.3965   3.5930200e-16
       4745.4863   3.5510000e-16
       4747.5761   3.5643100e-16
       4749.6660   3.5652600e-16
       4751.7558   3.5497300e-16
       4753.8456   3.5375400e-16
       4755.9355   3.5449900e-16
       4758.0253   3.4617300e-16
       4760.1152   3.5478500e-16
       4762.2050   3.5143100e-16
       4764.2948   3.4660900e-16
       4766.3848   3.5021700e-16
       4768.4746   3.5420300e-16
       4770.5644   3.4947800e-16
       4772.6543   3.5151900e-16
       4774.7441   3.5131500e-16
       4776.8340   3.4653200e-16
       4778.9238   3.4743600e-16
       4781.0136   3.5686100e-16
       4783.1035   3.4362300e-16
       4785.1933   3.5049000e-16
       4787.2831   3.5164400e-16
       4789.3730   3.5175600e-16
       4791.4628   3.5062400e-16
       4793.5527   3.4919200e-16
       4795.6425   3.5526100e-16
       4797.7424   3.5590800e-16
       4799.8322   3.5293400e-16
       4801.9221   3.5981500e-16
       4804.0119   3.5882500e-16
       4806.1018   3.3799400e-16
       4808.1916   3.4682500e-16
       4810.2814   3.4907800e-16
       4812.3713   3.5082700e-16
       4814.4611   3.4701100e-16
       4816.5509   3.5022100e-16
       4818.6408   3.6037300e-16
       4820.7307   3.5398200e-16
       4822.8206   3.4657400e-16
       4824.9104   3.5149300e-16
       4827.0002   3.5323800e-16
       4829.0901   3.4364000e-16
       4831.1799   3.4697100e-16
       4833.2697   3.5677700e-16
       4835.3596   3.6283100e-16
       4837.4494   3.5847500e-16
       4839.5393   3.6662600e-16
       4841.6291   3.5965500e-16
       4843.7189   3.6407400e-16
       4845.8088   3.6770800e-16
       4847.8986   3.5797200e-16
       4849.9884   3.5116700e-16
       4852.0783   3.6188900e-16
       4854.1682   3.5588500e-16
       4856.2581   3.5673300e-16
       4858.3479   3.4610600e-16
       4860.4477   3.5736500e-16
       4862.5376   3.5894700e-16
       4864.6274   3.4993700e-16
       4866.7172   3.5266000e-16
       4868.8071   3.4323400e-16
       4870.8969   3.5273200e-16
       4872.9867   3.5907300e-16
       4875.0766   3.5300800e-16
       4877.1664   3.5660100e-16
       4879.2564   3.6496300e-16
       4881.3462   3.4839400e-16
       4883.4360   3.5550800e-16
       4885.5259   3.5668100e-16
       4887.6157   3.5243300e-16
       4889.7055   3.5915200e-16
       4891.7954   3.5456300e-16
       4893.8852   3.4292400e-16
       4895.9750   3.4710400e-16
       4898.0649   3.4703400e-16
       4900.1547   3.4928100e-16
       4902.2446   3.5185400e-16
       4904.3344   3.5417800e-16
       4906.4242   3.5168100e-16
       4908.5141   3.6040600e-16
       4910.6040   3.5439800e-16
       4912.6938   3.4962100e-16
       4914.7837   3.4914700e-16
       4916.8735   3.5449500e-16
       4918.9634   3.5425400e-16
       4921.0532   3.5401200e-16
       4923.1530   3.5308800e-16
       4925.2429   3.5056700e-16
       4927.3327   3.5344300e-16
       4929.4225   3.6222500e-16
       4931.5125   3.6074200e-16
       4933.6022   3.6071700e-16
       4935.6921   3.4521600e-16
       4937.7820   3.4530300e-16
       4939.8718   3.5711100e-16
       4941.9617   3.5626700e-16
       4944.0515   3.6127300e-16
       4946.1413   3.6072200e-16
       4948.2312   3.6031000e-16
       4950.3210   3.6518800e-16
       4952.4108   3.6151400e-16
       4954.5007   3.5892400e-16
       4956.5905   3.5726200e-16
       4958.6804   3.6272300e-16
       4960.7702   3.6239000e-16
       4962.8601   3.6582500e-16
       4964.9500   3.6158500e-16
       4967.0398   3.5287000e-16
       4969.1296   3.5837300e-16
       4971.2195   3.5639100e-16
       4973.3093   3.5626000e-16
       4975.3992   3.6010900e-16
       4977.4890   3.5754200e-16
       4979.5788   3.6337600e-16
       4981.6687   3.6171900e-16
       4983.7585   3.5345300e-16
       4985.8483   3.5789900e-16
       4987.9483   3.6041700e-16
       4990.0381   3.6567500e-16
       4992.1279   3.5820200e-16
       4994.2178   3.6138100e-16
       4996.3076   3.5374300e-16
       4998.3974   3.5655990e-16
       5000.4873   3.5665278e-16
       5002.5771   3.5674565e-16
       5004.6670   3.5683853e-16
       5006.7568   3.5693140e-16
       5008.8466   3.5702428e-16
       5010.9365   3.5711716e-16
       5013.0263   3.5721003e-16
       5015.1161   3.5730291e-16
       5017.2060   3.5739578e-16
       5019.2959   3.5748866e-16
       5021.3858   3.5758154e-16
       5023.4756   3.5767441e-16
       5025.5654   3.5776729e-16
       5027.6553   3.5786016e-16
       5029.7451   3.5795304e-16
       5031.8349   3.5804591e-16
       5033.9248   3.5813879e-16
       5036.0146   3.5823166e-16
       5038.1045   3.5832454e-16
       5040.1943   3.5841742e-16
       5042.2841   3.5851029e-16
       5044.3740   3.5860317e-16
       5046.4638   3.5869604e-16
       5048.5536   3.5964900e-16
       5050.6536   3.5406200e-16
       5052.7434   3.5272900e-16
       5054.8332   3.5601300e-16
       5056.9231   3.5417600e-16
       5059.0129   3.6476200e-16
       5061.1027   3.5357500e-16
       5063.1926   3.5933000e-16
       5065.2824   3.5721900e-16
       5067.3723   3.6220800e-16
       5069.4621   3.6125800e-16
       5071.5519   3.6134500e-16
       5073.6418   3.6625400e-16
       5075.7316   3.6524300e-16
       5077.8215   3.6282900e-16
       5079.9114   3.6383100e-16
       5082.0012   3.6861400e-16
       5084.0911   3.6144600e-16
       5086.1809   3.6150400e-16
       5088.2707   3.5693100e-16
       5090.3606   3.5525400e-16
       5092.4504   3.6487500e-16
       5094.5402   3.5695600e-16
       5096.6301   3.5897800e-16
       5098.7199   3.5891500e-16
       5100.8098   3.5713300e-16
       5102.8996   3.5926039e-16
       5104.9895   3.5920616e-16
       5107.0793   3.5915194e-16
       5109.1692   3.5909771e-16
       5111.2590   3.5904348e-16
       5113.3489   3.5898926e-16
       5115.4487   3.5893477e-16
       5117.5385   3.5888054e-16
       5119.6284   3.5882632e-16
       5121.7182   3.5877209e-16
       5123.8081   3.5871786e-16
       5125.8979   3.5866364e-16
       5127.9877   3.5860941e-16
       5130.0777   3.5855518e-16
       5132.1674   3.5850096e-16
       5134.2573   3.5844673e-16
       5136.3472   3.5839250e-16
       5138.4370   3.5833828e-16
       5140.5269   3.5828405e-16
       5142.6167   3.5822982e-16
       5144.7065   3.5672600e-16
       5146.7964   3.5569700e-16
       5148.8862   3.5763500e-16
       5150.9760   3.5617414e-16
       5153.0659   3.5607750e-16
       5155.1557   3.5598087e-16
       5157.2456   3.5588424e-16
       5159.3354   3.5578761e-16
       5161.4253   3.5569098e-16
       5163.5152   3.5559434e-16
       5165.6050   3.5549771e-16
       5167.6948   3.5540108e-16
       5169.7847   3.5530444e-16
       5171.8745   3.5520781e-16
       5173.9644   3.5511118e-16
       5176.0542   3.5501455e-16
       5178.1540   3.5491746e-16
       5180.2438   3.5482082e-16
       5182.3337   3.5472419e-16
       5184.4235   3.5462756e-16
       5186.5135   3.5453092e-16
       5188.6033   3.5443429e-16
       5190.6931   3.5433766e-16
       5192.7830   3.5424103e-16
       5194.8728   3.5414440e-16
       5196.9626   3.5404777e-16
       5199.0525   3.5369300e-16
       5201.1423   3.5301800e-16
       5203.2322   3.5493400e-16
       5205.3220   3.5438000e-16
       5207.4118   3.5709300e-16
       5209.5017   3.5432700e-16
       5211.5915   3.5267600e-16
       5213.6813   3.5316100e-16
       5215.7712   3.5537600e-16
       5217.8611   3.5150100e-16
       5219.9510   3.5036300e-16
       5222.0408   3.5290800e-16
       5224.1306   3.4603000e-16
       5226.2205   3.5076800e-16
       5228.3103   3.4535100e-16
       5230.4001   3.3882400e-16
       5232.4900   3.5043800e-16
       5234.5798   3.4925800e-16
       5236.6697   3.4350000e-16
       5238.7595   3.4730300e-16
       5240.8593   3.4460900e-16
       5242.9492   3.4167600e-16
       5245.0391   3.4891200e-16
       5247.1289   3.4572400e-16
       5249.2188   3.4738000e-16
       5251.3086   3.4486900e-16
       5253.3984   3.4610500e-16
       5255.4883   3.4251600e-16
       5257.5781   3.4400700e-16
       5259.6679   3.3919200e-16
       5261.7578   3.3999400e-16
       5263.8476   3.3822100e-16
       5265.9375   3.3752700e-16
       5268.0273   3.3823900e-16
       5270.1171   3.3344600e-16
       5272.2070   3.3670200e-16
       5274.2968   3.4125800e-16
       5276.3867   3.3863500e-16
       5278.4766   3.4194800e-16
       5280.5664   3.4198700e-16
       5282.6563   3.4296700e-16
       5284.7461   3.4550100e-16
       5286.8359   3.4019100e-16
       5288.9258   3.3600400e-16
       5291.0156   3.3174300e-16
       5293.1054   3.3420300e-16
       5295.1953   3.3433300e-16
       5297.2851   3.3455300e-16
       5299.3750   3.3280300e-16
       5301.4648   3.3541000e-16
       5303.5647   3.3442200e-16
       5305.6545   3.3294100e-16
       5307.7444   3.3249100e-16
       5309.8342   3.3379900e-16
       5311.9241   3.3516700e-16
       5314.0139   3.3809900e-16
       5316.1037   3.3527900e-16
       5318.1936   3.2586100e-16
       5320.2834   3.2690200e-16
       5322.3732   3.3090600e-16
       5324.4631   3.3507200e-16
       5326.5529   3.3121400e-16
       5328.6429   3.3255100e-16
       5330.7327   3.2653700e-16
       5332.8225   3.2382800e-16
       5334.9124   3.2759000e-16
       5337.0022   3.3040000e-16
       5339.0920   3.2842000e-16
       5341.1819   3.3146600e-16
       5343.2717   3.2939900e-16
       5345.3616   3.2275500e-16
       5347.4514   3.2361600e-16
       5349.5412   3.2835500e-16
       5351.6311   3.2863600e-16
       5353.7209   3.2839700e-16
       5355.8107   3.2824800e-16
       5357.9006   3.3041400e-16
       5359.9905   3.3180800e-16
       5362.0804   3.2830500e-16
       5364.1702   3.2923900e-16
       5366.2700   3.3107800e-16
       5368.3599   3.3002400e-16
       5370.4497   3.2447800e-16
       5372.5395   3.3154900e-16
       5374.6294   3.4087100e-16
       5376.7192   3.3507500e-16
       5378.8090   3.2689500e-16
       5380.8989   3.2308800e-16
       5382.9887   3.2775400e-16
       5385.0787   3.2936900e-16
       5387.1685   3.2624500e-16
       5389.2583   3.2421700e-16
       5391.3482   3.2725200e-16
       5393.4380   3.2410100e-16
       5395.5278   3.2129100e-16
       5397.6177   3.2170700e-16
       5399.7075   3.2401600e-16
       5401.7974   3.2506700e-16
       5403.8872   3.2036700e-16
       5405.9770   3.2053200e-16
       5408.0669   3.2207100e-16
       5410.1567   3.1539400e-16
       5412.2465   3.1762800e-16
       5414.3364   3.2058600e-16
       5416.4263   3.2114900e-16
       5418.5162   3.2168300e-16
       5420.6060   3.1708000e-16
       5422.6958   3.2028600e-16
       5424.7857   3.1596500e-16
       5426.8755   3.1559900e-16
       5428.9753   3.2151900e-16
       5431.0552   3.2075500e-16
       5433.1550   3.1975500e-16
       5435.2448   3.2381300e-16
       5437.3347   3.1811000e-16
       5439.4245   3.1758300e-16
       5441.5144   3.1334200e-16
       5443.6043   3.0998700e-16
       5445.6941   3.1780100e-16
       5447.7840   3.1220700e-16
       5449.8738   3.2065100e-16
       5451.9636   3.1099500e-16
       5454.0535   3.1201600e-16
       5456.1433   3.1512700e-16
       5458.2331   3.1970900e-16
       5460.3230   3.1201700e-16
       5462.4128   3.0912400e-16
       5464.5027   3.2235400e-16
       5466.5925   3.1604900e-16
       5468.6823   3.1387700e-16
       5470.7722   3.1514700e-16
       5472.8621   3.1516700e-16
       5474.9519   3.1414300e-16
       5477.0418   3.1026900e-16
       5479.1316   3.2201400e-16
       5481.2215   3.0281900e-16
       5483.3113   3.0773200e-16
       5485.4011   3.0168800e-16
       5487.4910   3.0673200e-16
       5489.5808   3.0644600e-16
       5491.6706   3.0276900e-16
       5493.7605   3.1162600e-16
       5495.8603   3.1491800e-16
       5497.9502   3.0434700e-16
       5500.0401   3.1325800e-16
       5502.1299   3.0833700e-16
       5504.2197   3.0736100e-16
       5506.3096   3.1021300e-16
       5508.3994   3.0160100e-16
       5510.4893   3.0251800e-16
       5512.5791   3.0724500e-16
       5514.6689   3.0506900e-16
       5516.7588   3.0784600e-16
       5518.8486   3.0625700e-16
       5520.9384   3.0806600e-16
       5523.0283   3.0141200e-16
       5525.1181   3.0265000e-16
       5527.2081   3.0526400e-16
       5529.2979   2.9881900e-16
       5531.3877   3.0535400e-16
       5533.4776   3.0568400e-16
       5535.5674   3.0415700e-16
       5537.6572   2.9802300e-16
       5539.7471   2.9724400e-16
       5541.8369   2.9859800e-16
       5543.9268   2.9802400e-16
       5546.0166   2.9777000e-16
       5548.1064   2.9691800e-16
       5550.1963   2.9723500e-16
       5552.2861   3.0022500e-16
       5554.3759   2.9846800e-16
       5556.4658   2.9739700e-16
       5558.5657   2.9637100e-16
       5560.6555   2.9484800e-16
       5562.7454   2.9983600e-16
       5564.8352   3.0381600e-16
       5566.9251   2.9825100e-16
       5569.0149   2.9969100e-16
       5571.1047   3.0381500e-16
       5573.1946   3.0723700e-16
       5575.2844   3.0268200e-16
       5577.3742   3.0167100e-16
       5579.4641   3.0041300e-16
       5581.5540   2.9813500e-16
       5583.6438   2.9597500e-16
       5585.7337   2.9984700e-16
       5587.8235   2.9497700e-16
       5589.9134   2.9583400e-16
       5592.0032   2.9529100e-16
       5594.0930   2.9287100e-16
       5596.1829   2.9428100e-16
       5598.2727   2.9397200e-16
       5600.3625   2.9311100e-16
       5602.4524   2.9146400e-16
       5604.5422   2.9255200e-16
       5606.6321   2.8889900e-16
       5608.7219   2.8741300e-16
       5610.8117   2.8963700e-16
       5612.9016   2.8863200e-16
       5614.9915   2.9236600e-16
       5617.0813   2.9107000e-16
       5619.1712   2.9343700e-16
       5621.2710   2.9541100e-16
       5623.3608   2.9590200e-16
       5625.4507   2.9305300e-16
       5627.5405   2.9040700e-16
       5629.6304   2.8779200e-16
       5631.7202   2.9613900e-16
       5633.8100   2.8420400e-16
       5635.8999   2.9603300e-16
       5637.9897   2.9431800e-16
       5640.0796   2.8926700e-16
       5642.1695   2.9325500e-16
       5644.2593   2.8927900e-16
       5646.3492   2.9413700e-16
       5648.4390   2.9407700e-16
       5650.5288   2.8911600e-16
       5652.6187   2.9405900e-16
       5654.7085   2.9137600e-16
       5656.7983   2.8949000e-16
       5658.8882   2.9364800e-16
       5660.9780   2.9074900e-16
       5663.0679   2.9647000e-16
       5665.1577   2.9626600e-16
       5667.2475   2.8844400e-16
       5669.3374   2.8450500e-16
       5671.4273   2.8181200e-16
       5673.5171   2.8896400e-16
       5675.6070   2.9304500e-16
       5677.6968   2.8919400e-16
       5679.7867   2.9025000e-16
       5681.8765   2.9492200e-16
       5683.9763   2.9156500e-16
       5686.0661   2.8826700e-16
       5688.1560   2.8242500e-16
       5690.2458   2.8793400e-16
       5692.3358   2.8408900e-16
       5694.4255   2.8758800e-16
       5696.5154   2.8544900e-16
       5698.6053   2.7942400e-16
       5700.6951   2.8322500e-16
       5702.7849   2.8136300e-16
       5704.8748   2.8081500e-16
       5706.9646   2.8208700e-16
       5709.0545   2.8366200e-16
       5711.1443   2.7833700e-16
       5713.2341   2.8115300e-16
       5715.3240   2.8861500e-16
       5717.4138   2.8710100e-16
       5719.5036   2.8665400e-16
       5721.5935   2.8263000e-16
       5723.6834   2.7784300e-16
       5725.7733   2.7736900e-16
       5727.8631   2.7807800e-16
       5729.9529   2.7815200e-16
       5732.0428   2.7903400e-16
       5734.1326   2.7848800e-16
       5736.2224   2.8060900e-16
       5738.3123   2.7705200e-16
       5740.4021   2.7562800e-16
       5742.4920   2.7375800e-16
       5744.5818   2.7648300e-16
       5746.6716   2.7483000e-16
       5748.7715   2.7594100e-16
       5750.8614   2.7395700e-16
       5752.9512   2.7242000e-16
       5755.0411   2.7403600e-16
       5757.1309   2.7455700e-16
       5759.2207   2.7561000e-16
       5761.3106   2.7512400e-16
       5763.4004   2.7722700e-16
       5765.4902   2.7527400e-16
       5767.5801   2.7536400e-16
       5769.6699   2.7323900e-16
       5771.7598   2.7121600e-16
       5773.8496   2.7040000e-16
       5775.9394   2.7747500e-16
       5778.0293   2.7302300e-16
       5780.1192   2.7137500e-16
       5782.2090   2.7386400e-16
       5784.2989   2.7737200e-16
       5786.3887   2.6663400e-16
       5788.4786   2.7063000e-16
       5790.5684   2.6904100e-16
       5792.6582   2.7352300e-16
       5794.7481   2.7324000e-16
       5796.8379   2.7064700e-16
       5798.9277   2.7218600e-16
       5801.0176   2.7280700e-16
       5803.1074   2.7441800e-16
       5805.1973   2.7466500e-16
       5807.2871   2.7545800e-16
       5809.3769   2.7574800e-16
       5811.4769   2.7158000e-16
       5813.5667   2.7165600e-16
       5815.6565   2.7123100e-16
       5817.7464   2.7190900e-16
       5819.8362   2.6956300e-16
       5821.9260   2.7473900e-16
       5824.0159   2.7690600e-16
       5826.1057   2.7148200e-16
       5828.1956   2.7135800e-16
       5830.2854   2.7581500e-16
       5832.3752   2.7006500e-16
       5834.4651   2.7170100e-16
       5836.5549   2.7070400e-16
       5838.6448   2.6726000e-16
       5840.7347   2.6749500e-16
       5842.8245   2.6770000e-16
       5844.9144   2.7092300e-16
       5847.0042   2.7107100e-16
       5849.0940   2.7139100e-16
       5851.1839   2.7060900e-16
       5853.2737   2.7424500e-16
       5855.3635   2.7417800e-16
       5857.4534   2.6899500e-16
       5859.5432   2.6584300e-16
       5861.6331   2.6552000e-16
       5863.7229   2.6575400e-16
       5865.8127   2.6891600e-16
       5867.9026   2.7459100e-16
       5869.9925   2.6859900e-16
       5872.0823   2.6879000e-16
       5874.1822   2.7259200e-16
       5876.2720   2.7702200e-16
       5878.3618   2.6930600e-16
       5880.4517   2.6704200e-16
       5882.5415   2.6761900e-16
       5884.6313   2.6096300e-16
       5886.7212   2.6192500e-16
       5888.8110   2.5443000e-16
       5890.9010   2.5381100e-16
       5892.9907   2.5742500e-16
       5895.0806   2.6333400e-16
       5897.1705   2.6257100e-16
       5899.2603   2.5575100e-16
       5901.3501   2.5956400e-16
       5903.4400   2.6263400e-16
       5905.5298   2.5699900e-16
       5907.6197   2.5685000e-16
       5909.7095   2.6105900e-16
       5911.7993   2.5322000e-16
       5913.8892   2.5275800e-16
       5915.9790   2.5772000e-16
       5918.0688   2.6107200e-16
       5920.1587   2.6056700e-16
       5922.2486   2.5596400e-16
       5924.3385   2.5824800e-16
       5926.4283   2.5629200e-16
       5928.5181   2.5512000e-16
       5930.6080   2.5798600e-16
       5932.6978   2.5901800e-16
       5934.7876   2.5655100e-16
       5936.8875   2.5980000e-16
       5938.9773   2.6037600e-16
       5941.0671   2.5557900e-16
       5943.1570   2.5126700e-16
       5945.2468   2.5220000e-16
       5947.3367   2.5483600e-16
       5949.4266   2.5630800e-16
       5951.5164   2.5419900e-16
       5953.6063   2.5285800e-16
       5955.6961   2.5282400e-16
       5957.7859   2.4493900e-16
       5959.8758   2.4908000e-16
       5961.9656   2.5171400e-16
       5964.0554   2.4454200e-16
       5966.1453   2.4327500e-16
       5968.2351   2.4758400e-16
       5970.3250   2.4928100e-16
       5972.4148   2.4841100e-16
       5974.5046   2.4863300e-16
       5976.5945   2.4770600e-16
       5978.6844   2.4690700e-16
       5980.7742   2.4527200e-16
       5982.8641   2.4590500e-16
       5984.9539   2.4568800e-16
       5987.0438   2.4632100e-16
       5989.1336   2.4409200e-16
       5991.2234   2.4546200e-16
       5993.3133   2.4603900e-16
       5995.4031   2.4451900e-16
       5997.4929   2.4285800e-16
       5999.5928   2.4286800e-16
       6001.6726   2.4732300e-16
       6003.7725   2.4219400e-16
       6005.8624   2.4914000e-16
       6007.9522   2.4617700e-16
       6010.0420   2.4853600e-16
       6012.1319   2.4382000e-16
       6014.2217   2.4026500e-16
       6016.3116   2.4270900e-16
       6018.4014   2.4281800e-16
       6020.4912   2.4182400e-16
       6022.5811   2.3906300e-16
       6024.6709   2.4135000e-16
       6026.7607   2.4069600e-16
       6028.8506   2.3875700e-16
       6030.9404   2.3859800e-16
       6033.0303   2.4033300e-16
       6035.1201   2.4031500e-16
       6037.2100   2.4127200e-16
       6039.2999   2.4217200e-16
       6041.3897   2.4147700e-16
       6043.4795   2.4064000e-16
       6045.5694   2.4422300e-16
       6047.6592   2.3965900e-16
       6049.7491   2.3401100e-16
       6051.8389   2.3869300e-16
       6053.9287   2.4099000e-16
       6056.0186   2.3492000e-16
       6058.1084   2.4113900e-16
       6060.1982   2.4397000e-16
       6062.2982   2.4041200e-16
       6064.3780   2.4424500e-16
       6066.4778   2.4283100e-16
       6068.5677   2.4405400e-16
       6070.6575   2.4949100e-16
       6072.7474   2.4609000e-16
       6074.8372   2.4586100e-16
       6076.9270   2.4681500e-16
       6079.0169   2.4255600e-16
       6081.1067   2.4153900e-16
       6083.1965   2.3901400e-16
       6085.2864   2.3632200e-16
       6087.3762   2.3596700e-16
       6089.4662   2.3802000e-16
       6091.5560   2.3980500e-16
       6093.6458   2.3096300e-16
       6095.7357   2.2885000e-16
       6097.8255   2.3125400e-16
       6099.9153   2.3280000e-16
       6102.0052   2.3428900e-16
       6104.0950   2.2906900e-16
       6106.1849   2.3424300e-16
       6108.2747   2.3843100e-16
       6110.3645   2.2826300e-16
       6112.4544   2.3159300e-16
       6114.5442   2.3301100e-16
       6116.6340   2.3608700e-16
       6118.7239   2.3223400e-16
       6120.8138   2.3323000e-16
       6122.9037   2.3811700e-16
       6124.9935   2.3481300e-16
       6127.0833   2.2683300e-16
       6129.1831   2.2895200e-16
       6131.2730   2.2803800e-16
       6133.3628   2.2828900e-16
       6135.4527   2.3374900e-16
       6137.5425   2.3360700e-16
       6139.6323   2.2932400e-16
       6141.7222   2.2801700e-16
       6143.8120   2.3217000e-16
       6145.9019   2.3121400e-16
       6147.9918   2.3450900e-16
       6150.0816   2.2996200e-16
       6152.1715   2.2580900e-16
       6154.2613   2.2855700e-16
       6156.3511   2.2562500e-16
       6158.4410   2.3278800e-16
       6160.5308   2.2743200e-16
       6162.6206   2.2429100e-16
       6164.7105   2.2811600e-16
       6166.8003   2.2733000e-16
       6168.8902   2.3373200e-16
       6170.9800   2.2674000e-16
       6173.0698   2.2889600e-16
       6175.1597   2.3109300e-16
       6177.2496   2.2719900e-16
       6179.3394   2.2602200e-16
       6181.4293   2.2375300e-16
       6183.5191   2.2709800e-16
       6185.6090   2.2501200e-16
       6187.6988   2.2309400e-16
       6189.7886   2.2249100e-16
       6191.8884   2.2433800e-16
       6193.9783   2.2619800e-16
       6196.0681   2.2519000e-16
       6198.1580   2.2728700e-16
       6200.2478   2.2212600e-16
       6202.3377   2.2121700e-16
       6204.4276   2.1821100e-16
       6206.5174   2.1603100e-16
       6208.6072   2.1400500e-16
       6210.6971   2.1431300e-16
       6212.7869   2.2131400e-16
       6214.8768   2.1951100e-16
       6216.9666   2.1669000e-16
       6219.0564   2.1926000e-16
       6221.1463   2.1845000e-16
       6223.2361   2.1730600e-16
       6225.3259   2.1860400e-16
       6227.4158   2.1645500e-16
       6229.5056   2.1493400e-16
       6231.5956   2.1688800e-16
       6233.6853   2.1542400e-16
       6235.7752   2.1673600e-16
       6237.8651   2.1895500e-16
       6239.9549   2.1931700e-16
       6242.0447   2.1530100e-16
       6244.1346   2.1057300e-16
       6246.2244   2.1546900e-16
       6248.3143   2.1360200e-16
       6250.4041   2.1658600e-16
       6252.4939   2.1374300e-16
       6254.5938   2.1679600e-16
       6256.6836   2.0959200e-16
       6258.7734   2.1168300e-16
       6260.8634   2.1930500e-16
       6262.9532   2.1945900e-16
       6265.0430   2.2320600e-16
       6267.1329   2.1347000e-16
       6269.2227   2.1260800e-16
       6271.3125   2.1070200e-16
       6273.4024   2.0953300e-16
       6275.4922   2.0725200e-16
       6277.5821   2.0664100e-16
       6279.6719   2.0818800e-16
       6281.7617   2.0862100e-16
       6283.8516   2.1101600e-16
       6285.9414   2.1146200e-16
       6288.0312   2.1135200e-16
       6290.1212   2.0670800e-16
       6292.2110   2.0718300e-16
       6294.3009   2.1736200e-16
       6296.3907   2.1999000e-16
       6298.4805   2.1907300e-16
       6300.5704   2.1575200e-16
       6302.6602   2.1337600e-16
       6304.7500   2.1487800e-16
       6306.8399   2.1633700e-16
       6308.9297   2.2129700e-16
       6311.0196   2.1454700e-16
       6313.1094   2.2045000e-16
       6315.1992   2.2331100e-16
       6317.2992   2.2261600e-16
       6319.3890   2.2771100e-16
       6321.4788   2.2654500e-16
       6323.5687   2.1972900e-16
       6325.6585   2.2286600e-16
       6327.7483   2.2598800e-16
       6329.8382   2.2038200e-16
       6331.9280   2.2393400e-16
       6334.0179   2.1984100e-16
       6336.1077   2.2930100e-16
       6338.1975   2.2296200e-16
       6340.2874   2.2627600e-16
       6342.3772   2.2183900e-16
       6344.4671   2.2084100e-16
       6346.5570   2.3064000e-16
       6348.6468   2.2559500e-16
       6350.7367   2.2308600e-16
       6352.8265   2.2702100e-16
       6354.9163   2.3074700e-16
       6357.0062   2.2638200e-16
       6359.0960   2.2354300e-16
       6361.1858   2.2451200e-16
       6363.2757   2.2552200e-16
       6365.3655   2.2550800e-16
       6367.4554   2.2923100e-16
       6369.5452   2.3069800e-16
       6371.6350   2.2754100e-16
       6373.7249   2.2503600e-16
       6375.8147   2.3048700e-16
       6377.9046   2.2958700e-16
       6379.9945   2.3350000e-16
       6382.0943   2.3221200e-16
       6384.1841   2.2827000e-16
       6386.2740   2.3384200e-16
       6388.3638   2.2813000e-16
       6390.4536   2.2732700e-16
       6392.5435   2.3179100e-16
       6394.6333   2.3114100e-16
       6396.7232   2.3067000e-16
       6398.8130   2.2793300e-16
       6400.9029   2.3151000e-16
       6402.9928   2.3678600e-16
       6405.0826   2.3266800e-16
       6407.1724   2.3241800e-16
       6409.2623   2.3501300e-16
       6411.3521   2.3758000e-16
       6413.4420   2.3422300e-16
       6415.5318   2.3234400e-16
       6417.6216   2.3528300e-16
       6419.7115   2.2954000e-16
       6421.8013   2.2787000e-16
       6423.8911   2.3316700e-16
       6425.9810   2.2712300e-16
       6428.0708   2.2995000e-16
       6430.1608   2.3476300e-16
       6432.2506   2.3157600e-16
       6434.3404   2.2876200e-16
       6436.4303   2.3098000e-16
       6438.5201   2.3581800e-16
       6440.6099   2.3266000e-16
       6442.6998   2.3132200e-16
       6444.7996   2.3206400e-16
       6446.8894   2.3009300e-16
       6448.9793   2.2938900e-16
       6451.0691   2.2904400e-16
       6453.1589   2.3306500e-16
       6455.2488   2.3278800e-16
       6457.3387   2.2743000e-16
       6459.4286   2.3106400e-16
       6461.5184   2.2858500e-16
       6463.6082   2.3377400e-16
       6465.6981   2.2515700e-16
       6467.7879   2.2340900e-16
       6469.8777   2.2565200e-16
       6471.9676   2.1985900e-16
       6474.0574   2.2599500e-16
       6476.1473   2.2914400e-16
       6478.2371   2.2723100e-16
       6480.3269   2.2874300e-16
       6482.4168   2.2410900e-16
       6484.5066   2.2769700e-16
       6486.5965   2.2247300e-16
       6488.6864   2.2412200e-16
       6490.7762   2.2622400e-16
       6492.8661   2.2615500e-16
       6494.9559   2.2882000e-16
       6497.0457   2.2754100e-16
       6499.1356   2.2958700e-16
       6501.2254   2.2675700e-16
       6503.3152   2.2185400e-16
       6505.4051   2.2440800e-16
       6507.5049   2.2643900e-16
       6509.5947   2.2726200e-16
       6511.6847   2.3143400e-16
       6513.7745   2.3308000e-16
       6515.8644   2.3122600e-16
       6517.9542   2.3228100e-16
       6520.0440   2.2879500e-16
       6522.1339   2.2388400e-16
       6524.2237   2.2045500e-16
       6526.3135   2.1978300e-16
       6528.4034   2.1590300e-16
       6530.4932   2.1907000e-16
       6532.5831   2.2374500e-16
       6534.6729   2.2384100e-16
       6536.7627   2.1781100e-16
       6538.8526   2.2392300e-16
       6540.9424   2.1808600e-16
       6543.0323   2.2119600e-16
       6545.1222   2.2390800e-16
       6547.2120   2.2266100e-16
       6549.3019   2.2474300e-16
       6551.3917   2.2861800e-16
       6553.4815   2.2845200e-16
       6555.5714   2.3030000e-16
       6557.6612   2.2052500e-16
       6559.7510   2.2272900e-16
       6561.8409   2.2147000e-16
       6563.9307   2.1722800e-16
       6566.0206   2.2182600e-16
       6568.1104   2.2666800e-16
       6570.2103   2.2813100e-16
       6572.3001   2.2628400e-16
       6574.3900   2.2837500e-16
       6576.4798   2.2410800e-16
       6578.5697   2.2338300e-16
       6580.6595   2.2885100e-16
       6582.7493   2.2227600e-16
       6584.8392   2.1697300e-16
       6586.9290   2.1675500e-16
       6589.0188   2.2351900e-16
       6591.1087   2.2024000e-16
       6593.1985   2.1897000e-16
       6595.2884   2.1828700e-16
       6597.3782   2.2178300e-16
       6599.4681   2.2263000e-16
       6601.5580   2.2163300e-16
       6603.6478   2.2178300e-16
       6605.7376   2.2238300e-16
       6607.8275   2.1738800e-16
       6609.9173   2.1371800e-16
       6612.0072   2.1950400e-16
       6614.0970   2.2271000e-16
       6616.1868   2.2130400e-16
       6618.2767   2.2209500e-16
       6620.3665   2.2210900e-16
       6622.4563   2.1771800e-16
       6624.5462   2.2145400e-16
       6626.6360   2.1741900e-16
       6628.7260   2.2054100e-16
       6630.8158   2.1582500e-16
       6632.9056   2.2069100e-16
       6635.0054   2.1872800e-16
       6637.0953   2.2036300e-16
       6639.1851   2.1945100e-16
       6641.2750   2.1747600e-16
       6643.3648   2.1783000e-16
       6645.4546   2.2398600e-16
       6647.5445   2.2261000e-16
       6649.6343   2.2207900e-16
       6651.7241   2.2064900e-16
       6653.8140   2.2391600e-16
       6655.9039   2.2100300e-16
       6657.9938   2.1486600e-16
       6660.0836   2.1867600e-16
       6662.1734   2.2041800e-16
       6664.2633   2.1712600e-16
       6666.3531   2.1372600e-16
       6668.4429   2.1739900e-16
       6670.5328   2.1995500e-16
       6672.6226   2.1400100e-16
       6674.7125   2.1507500e-16
       6676.8023   2.0957100e-16
       6678.8921   2.0775100e-16
       6680.9820   2.1276700e-16
       6683.0719   2.1347400e-16
       6685.1617   2.1412700e-16
       6687.2516   2.1108500e-16
       6689.3414   2.1207800e-16
       6691.4313   2.1395300e-16
       6693.5211   2.1525700e-16
       6695.6109   2.1198500e-16
       6697.7107   2.0935300e-16
       6699.8006   2.1793200e-16
       6701.8904   2.1766100e-16
       6703.9803   2.1570700e-16
       6706.0701   2.0801400e-16
       6708.1600   2.1610100e-16
       6710.2499   2.1679400e-16
       6712.3397   2.0673000e-16
       6714.4295   2.0426300e-16
       6716.5194   2.1081500e-16
       6718.6092   2.0939200e-16
       6720.6991   2.0954200e-16
       6722.7889   2.1073600e-16
       6724.8787   2.1225500e-16
       6726.9686   2.1090100e-16
       6729.0584   2.0603800e-16
       6731.1482   2.0659500e-16
       6733.2381   2.0635200e-16
       6735.3279   2.0524300e-16
       6737.4178   2.1593100e-16
       6739.5076   2.1338500e-16
       6741.5975   2.0416500e-16
       6743.6874   2.0855300e-16
       6745.7772   2.0672700e-16
       6747.8670   2.0977400e-16
       6749.9569   2.0601300e-16
       6752.0467   2.0292900e-16
       6754.1366   2.0320200e-16
       6756.2264   2.0806000e-16
       6758.3162   2.0436900e-16
       6760.4161   2.0818400e-16
       6762.5059   2.0487308e-16
       6764.5958   2.0470620e-16
       6766.6857   2.0453931e-16
       6768.7755   2.0437243e-16
       6770.8653   2.0420555e-16
       6772.9552   2.0403866e-16
       6775.0450   2.0387179e-16
       6777.1349   2.0370490e-16
       6779.2247   2.0353802e-16
       6781.3145   2.0337114e-16
       6783.4044   2.0320425e-16
       6785.4942   2.0303738e-16
       6787.5840   2.0287050e-16
       6789.6739   2.0270361e-16
       6791.7637   2.0253673e-16
       6793.8537   2.0236984e-16
       6795.9434   2.0220296e-16
       6798.0333   2.0203609e-16
       6800.1232   2.0186920e-16
       6802.2130   2.0170232e-16
       6804.3028   2.0153544e-16
       6806.3927   2.0136855e-16
       6808.4825   2.0161524e-16
       6810.5724   2.0134288e-16
       6812.6622   2.0107053e-16
       6814.7520   2.0079818e-16
       6816.8419   2.0052581e-16
       6818.9317   2.0025346e-16
       6821.0215   1.9998111e-16
       6823.1114   1.9970875e-16
       6825.2013   1.9943640e-16
       6827.3011   1.9916274e-16
       6829.3910   1.9889038e-16
       6831.4808   1.9861802e-16
       6833.5706   1.9834567e-16
       6835.6605   1.9807331e-16
       6837.7503   1.9780096e-16
       6839.8402   1.9752860e-16
       6841.9300   1.9725625e-16
       6844.0198   1.9698389e-16
       6846.1097   1.9671153e-16
       6848.1995   1.9643918e-16
       6850.2894   1.9616683e-16
       6852.3792   1.9589447e-16
       6854.4691   1.9562211e-16
       6856.5590   1.9534975e-16
       6858.6488   1.9507740e-16
       6860.7386   1.9480505e-16
       6862.8285   1.9453269e-16
       6864.9183   1.9426034e-16
       6867.0081   1.9398798e-16
       6869.0980   1.9371562e-16
       6871.1878   1.9344327e-16
       6873.2777   1.9317091e-16
       6875.3675   1.9289855e-16
       6877.4573   1.9262620e-16
       6879.5472   1.9235384e-16
       6881.6371   1.9208149e-16
       6883.7269   1.9180914e-16
       6885.8168   1.9153678e-16
       6887.9066   1.9126442e-16
       6890.0064   1.9099077e-16
       6892.0963   1.9071840e-16
       6894.1861   1.9044605e-16
       6896.2759   1.9017370e-16
       6898.3658   1.8990134e-16
       6900.4556   1.8962899e-16
       6902.5455   1.8935662e-16
       6904.6353   1.8908427e-16
       6906.7252   1.8881192e-16
       6908.8151   1.8853956e-16
       6910.9049   1.8826721e-16
       6912.9947   1.8799486e-16
       6915.0846   1.8772249e-16
       6917.1744   1.8745014e-16
       6919.2643   1.8717778e-16
       6921.3541   1.8690543e-16
       6923.4439   1.8663308e-16
       6925.5338   1.8636071e-16
       6927.6236   1.8608836e-16
       6929.7134   1.8581601e-16
       6931.8033   1.8554365e-16
       6933.8931   1.8527130e-16
       6935.9830   1.8499893e-16
       6938.0728   1.8472658e-16
       6940.1627   1.8445423e-16
       6942.2526   1.8418187e-16
       6944.3424   1.8390952e-16
       6946.4322   1.8363717e-16
       6948.5221   1.8336480e-16
       6950.6119   1.8309245e-16
       6952.7117   1.8281880e-16
       6954.8016   1.8254643e-16
       6956.8914   1.8227408e-16
       6958.9812   1.8200173e-16
       6961.0711   1.8172937e-16
       6963.1610   1.8145702e-16
       6965.2509   1.8118465e-16
       6967.3407   1.8091230e-16
       6969.4305   1.8063995e-16
       6971.5204   1.8036759e-16
       6973.6102   1.8009524e-16
       6975.7000   1.7982289e-16
       6977.7899   1.8109400e-16
       6979.8797   1.8117900e-16
       6981.9696   1.7727200e-16
       6984.0594   1.7734300e-16
       6986.1492   1.7008800e-16
       6988.2391   1.7443000e-16
       6990.3289   1.7544900e-16
       6992.4187   1.6899800e-16
       6994.5086   1.7553900e-16
       6996.5985   1.8045100e-16
       6998.6884   1.7277500e-16
       7000.7782   1.7602000e-16
       7002.8680   1.7683800e-16
       7004.9579   1.8045500e-16
       7007.0477   1.8188500e-16
       7009.1375   1.7671800e-16
       7011.2274   1.6982100e-16
       7013.3172   1.6993300e-16
       7015.4170   1.7092400e-16
       7017.5069   1.7156900e-16
       7019.5967   1.7034900e-16
       7021.6867   1.7658600e-16
       7023.7765   1.7294300e-16
       7025.8663   1.7075100e-16
       7027.9562   1.7996800e-16
       7030.0460   1.7882700e-16
       7032.1358   1.7380100e-16
       7034.2257   1.7323400e-16
       7036.3155   1.7945200e-16
       7038.4054   1.7755400e-16
       7040.4952   1.7471200e-16
       7042.5850   1.7486300e-16
       7044.6749   1.7537400e-16
       7046.7647   1.7105700e-16
       7048.8546   1.7059700e-16
       7050.9445   1.7106800e-16
       7053.0343   1.6818900e-16
       7055.1242   1.7057300e-16
       7057.2140   1.7479100e-16
       7059.3038   1.7079600e-16
       7061.3937   1.6922100e-16
       7063.4835   1.6881400e-16
       7065.5733   1.7194100e-16
       7067.6632   1.7343300e-16
       7069.7530   1.7509800e-16
       7071.8429   1.7321800e-16
       7073.9327   1.7306300e-16
       7076.0225   1.7336000e-16
       7078.1224   1.7404200e-16
       7080.2123   1.6905700e-16
       7082.3021   1.6853200e-16
       7084.3920   1.6841800e-16
       7086.4818   1.6528000e-16
       7088.5716   1.6690400e-16
       7090.6615   1.7099400e-16
       7092.7513   1.6389200e-16
       7094.8411   1.7030200e-16
       7096.9310   1.7089000e-16
       7099.0208   1.7155800e-16
       7101.1107   1.6819700e-16
       7103.2005   1.6860000e-16
       7105.2904   1.7171900e-16
       7107.3803   1.6031700e-16
       7109.4701   1.6828500e-16
       7111.5599   1.6580100e-16
       7113.6498   1.6187300e-16
       7115.7396   1.6056900e-16
       7117.8295   1.6197800e-16
       7119.9193   1.6819300e-16
       7122.0091   1.6725900e-16
       7124.0990   1.6903800e-16
       7126.1888   1.6716400e-16
       7128.2786   1.6152000e-16
       7130.3685   1.6606400e-16
       7132.4583   1.6374200e-16
       7134.5482   1.6393300e-16
       7136.6380   1.6989000e-16
       7138.7279   1.6807100e-16
       7140.8178   1.6819500e-16
       7142.9176   1.6501400e-16
       7145.0074   1.6498100e-16
       7147.0973   1.5888000e-16
       7149.1871   1.6776800e-16
       7151.2769   1.6489200e-16
       7153.3668   1.6182000e-16
       7155.4566   1.5851000e-16
       7157.5464   1.6155500e-16
       7159.6363   1.6234000e-16
       7161.7262   1.6081500e-16
       7163.8161   1.5800900e-16
       7165.9059   1.5412100e-16
       7167.9957   1.5527600e-16
       7170.0856   1.5491400e-16
       7172.1754   1.5650400e-16
       7174.2652   1.5880700e-16
       7176.3551   1.5654500e-16
       7178.4449   1.5280500e-16
       7180.5348   1.5067500e-16
       7182.6246   1.5093300e-16
       7184.7144   1.5133700e-16
       7186.8043   1.5005200e-16
       7188.8941   1.5189200e-16
       7190.9839   1.4997500e-16
       7193.0739   1.5082600e-16
       7195.1637   1.5024100e-16
       7197.2536   1.4695400e-16
       7199.3434   1.5252200e-16
       7201.4332   1.5366200e-16
       7203.5231   1.5173300e-16
       7205.6229   1.5952400e-16
       7207.7127   1.5326200e-16
       7209.8026   1.5998500e-16
       7211.8924   1.5418500e-16
       7213.9822   1.5454800e-16
       7216.0721   1.5592400e-16
       7218.1620   1.5777300e-16
       7220.2519   1.5106800e-16
       7222.3417   1.4869400e-16
       7224.4315   1.5537200e-16
       7226.5214   1.5539200e-16
       7228.6112   1.5246600e-16
       7230.7010   1.4234700e-16
       7232.7909   1.4927200e-16
       7234.8807   1.5344800e-16
       7236.9706   1.5089100e-16
       7239.0604   1.5260700e-16
       7241.1502   1.5820000e-16
       7243.2401   1.4312100e-16
       7245.3299   1.4071200e-16
       7247.4198   1.4849800e-16
       7249.5097   1.4409200e-16
       7251.5995   1.4869700e-16
       7253.6894   1.4463400e-16
       7255.7792   1.4510200e-16
       7257.8690   1.5407700e-16
       7259.9589   1.5078900e-16
       7262.0487   1.4941800e-16
       7264.1385   1.5316600e-16
       7266.2284   1.5095600e-16
       7268.3282   1.4839100e-16
       7270.4180   1.4182600e-16
       7272.5080   1.4401200e-16
       7274.5978   1.4665700e-16
       7276.6876   1.4899900e-16
       7278.7775   1.5212800e-16
       7280.8673   1.5036500e-16
       7282.9572   1.4295200e-16
       7285.0470   1.4174100e-16
       7287.1368   1.4076700e-16
       7289.2267   1.4717100e-16
       7291.3165   1.5070400e-16
       7293.4063   1.4235200e-16
       7295.4962   1.5113800e-16
       7297.5860   1.4204100e-16
       7299.6759   1.4935800e-16
       7301.7657   1.5773300e-16
       7303.8556   1.5011900e-16
       7305.9455   1.4960300e-16
       7308.0353   1.5408800e-16
       7310.1251   1.5221000e-16
       7312.2150   1.5045000e-16
       7314.3048   1.4154600e-16
       7316.3947   1.4527100e-16
       7318.4845   1.5728800e-16
       7320.5743   1.5071500e-16
       7322.6642   1.5315500e-16
       7324.7540   1.4467500e-16
       7326.8438   1.3978000e-16
       7328.9337   1.4669200e-16
       7331.0336   1.4179700e-16
       7333.1234   1.3859000e-16
       7335.2133   1.4198400e-16
       7337.3031   1.3749700e-16
       7339.3929   1.4937000e-16
       7341.4828   1.5306200e-16
       7343.5726   1.4034600e-16
       7345.6625   1.4459900e-16
       7347.7523   1.4765000e-16
       7349.8421   1.4831100e-16
       7351.9320   1.4585100e-16
       7354.0218   1.5046700e-16
       7356.1116   1.4837300e-16
       7358.2015   1.4092800e-16
       7360.2914   1.4874000e-16
       7362.3813   1.4362000e-16
       7364.4711   1.4562400e-16
       7366.5609   1.5199800e-16
       7368.6508   1.4905800e-16
       7370.7406   1.4545300e-16
       7372.8304   1.4210900e-16
       7374.9203   1.4451700e-16
       7377.0101   1.4169600e-16
       7379.1000   1.4019200e-16
       7381.1898   1.4433300e-16
       7383.2796   1.3903700e-16
       7385.3695   1.4205500e-16
       7387.4593   1.4586800e-16
       7389.5491   1.4809100e-16
       7391.6391   1.4958300e-16
       7393.7389   1.4684300e-16
       7395.8287   1.4972800e-16
       7397.9186   1.5263900e-16
       7400.0084   1.4736100e-16
       7402.0982   1.4647000e-16
       7404.1881   1.4573600e-16
       7406.2779   1.4260800e-16
       7408.3678   1.4031300e-16
       7410.4576   1.4542100e-16
       7412.5474   1.4302300e-16
       7414.6373   1.4278400e-16
       7416.7272   1.4143900e-16
       7418.8170   1.3771600e-16
       7420.9069   1.4111800e-16
       7422.9967   1.4354500e-16
       7425.0866   1.4251300e-16
       7427.1764   1.3963600e-16
       7429.2662   1.4750700e-16
       7431.3561   1.4455200e-16
       7433.4459   1.4497600e-16
       7435.5357   1.4660800e-16
       7437.6256   1.4755100e-16
       7439.7154   1.4589600e-16
       7441.8053   1.4651400e-16
       7443.8952   1.4989800e-16
       7445.9850   1.4301100e-16
       7448.0749   1.4504500e-16
       7450.1647   1.4247000e-16
       7452.2545   1.4218000e-16
       7454.3444   1.4296600e-16
       7456.4442   1.5107100e-16
       7458.5241   1.4747200e-16
       7460.6239   1.3899600e-16
       7462.7137   1.3375100e-16
       7464.8036   1.3172500e-16
       7466.8934   1.3952700e-16
       7468.9833   1.3567200e-16
       7471.0732   1.3389200e-16
       7473.1630   1.3878900e-16
       7475.2528   1.3821400e-16
       7477.3427   1.4073700e-16
       7479.4325   1.4160100e-16
       7481.5224   1.4423900e-16
       7483.6122   1.3839200e-16
       7485.7020   1.4652200e-16
       7487.7919   1.4597300e-16
       7489.8817   1.4982700e-16
       7491.9715   1.3781800e-16
       7494.0614   1.3605300e-16
       7496.1512   1.4008800e-16
       7498.2411   1.4109300e-16
       7500.3309   1.3848800e-16
       7502.4208   1.3694400e-16
       7504.5107   1.4060100e-16
       7506.6005   1.4180000e-16
       7508.6903   1.3373700e-16
       7510.7802   1.4836100e-16
       7512.8700   1.4831700e-16
       7514.9599   1.4595800e-16
