       3658.5473   4.3958900e-16
       3660.6371   4.1930700e-16
       3662.7270   4.8300400e-16
       3664.8269   1.8887300e-16
       3666.9167   3.1075200e-16
       3669.0065   7.7410000e-16
       3671.0964   4.8172700e-16
       3673.1862   2.8423700e-16
       3675.2760   3.4946600e-16
       3677.3659   2.9154600e-16
       3679.4557   3.0062600e-16
       3681.5456   3.6909600e-16
       3683.6354   3.4966300e-16
       3685.7252   4.3233400e-16
       3687.8151   5.2531600e-16
       3689.9050   2.5548500e-16
       3691.9948   1.2871600e-16
       3694.0847   3.9952900e-16
       3696.1745   2.1432100e-16
       3698.2644   4.7969100e-16
       3700.3542   5.8008400e-16
       3702.4440   2.8572900e-16
       3704.5339   3.0672300e-16
       3706.6237   4.4666600e-16
       3708.7135   2.4054400e-16
       3710.8034   1.6825700e-16
       3712.8932   3.5488100e-16
       3714.9831   1.9325900e-16
       3717.0729   2.8309800e-16
       3719.1627   3.8978700e-16
       3721.2527   3.0151500e-16
       3723.3425   2.1952300e-16
       3725.4323   4.2849500e-16
       3727.5322   2.8734100e-16
       3729.6220   2.4985200e-16
       3731.7118   4.4919300e-16
       3733.8017   3.4661800e-16
       3735.8915   2.9253200e-16
       3737.9813   2.6458800e-16
       3740.0712   4.0858400e-16
       3742.1610   4.3847400e-16
       3744.2510   2.6663300e-16
       3746.3408   4.7888900e-16
       3748.4306   2.5941700e-16
       3750.5205   3.2725100e-16
       3752.6103   3.2437900e-16
       3754.7001   3.6072900e-16
       3756.7900   3.2868000e-16
       3758.8798   4.7036200e-16
       3760.9697   4.2740200e-16
       3763.0595   3.9726400e-16
       3765.1493   3.4620700e-16
       3767.2392   3.1820100e-16
       3769.3290   2.8076800e-16
       3771.4188   3.2637800e-16
       3773.5087   3.2146200e-16
       3775.5986   3.4189500e-16
       3777.6885   4.7576000e-16
       3779.7783   4.5855200e-16
       3781.8681   4.0127900e-16
       3783.9580   3.7045000e-16
       3786.0478   3.5185500e-16
       3788.1376   3.9746700e-16
       3790.2275   4.9038300e-16
       3792.3273   4.3760700e-16
       3794.4171   4.6977800e-16
       3796.5070   3.7355200e-16
       3798.5968   3.5625000e-16
       3800.6867   4.2701900e-16
       3802.7766   3.8197700e-16
       3804.8664   4.0312700e-16
       3806.9563   4.4627800e-16
       3809.0461   4.5478200e-16
       3811.1359   3.9220800e-16
       3813.2258   4.0877300e-16
       3815.3156   4.2114400e-16
       3817.4054   4.6954200e-16
       3819.4953   3.9569300e-16
       3821.5851   3.8797500e-16
       3823.6750   3.4734100e-16
       3825.7648   3.9861000e-16
       3827.8546   3.9116300e-16
       3829.9446   4.1188000e-16
       3832.0343   4.2513800e-16
       3834.1242   3.9468400e-16
       3836.2141   4.2370800e-16
       3838.3039   4.5588000e-16
       3840.3938   4.7470400e-16
       3842.4836   5.3603000e-16
       3844.5734   4.9100600e-16
       3846.6633   5.7900500e-16
       3848.7531   4.8400000e-16
       3850.8429   5.2524600e-16
       3852.9328   4.9894400e-16
       3855.0327   4.7140600e-16
       3857.1224   4.3666300e-16
       3859.2124   4.8910600e-16
       3861.3022   4.7947000e-16
       3863.3921   4.3853200e-16
       3865.4819   3.9983800e-16
       3867.5717   4.0366600e-16
       3869.6616   4.1813400e-16
       3871.7514   4.2503400e-16
       3873.8412   4.1391200e-16
       3875.9311   3.9598300e-16
       3878.0209   4.3117100e-16
       3880.1108   4.5944600e-16
       3882.2006   4.6344900e-16
       3884.2904   4.8518300e-16
       3886.3803   3.7370900e-16
       3888.4702   4.4038700e-16
       3890.5600   4.3586600e-16
       3892.6499   4.2325200e-16
       3894.7397   4.1428300e-16
       3896.8296   4.0045500e-16
       3898.9194   4.2248600e-16
       3901.0092   3.8159600e-16
       3903.0991   4.3671000e-16
       3905.1889   4.7561200e-16
       3907.2787   4.2920700e-16
       3909.3686   4.1729000e-16
       3911.4584   4.2433300e-16
       3913.5483   4.4251400e-16
       3915.6382   4.6773400e-16
       3917.7380   4.1380600e-16
       3919.8278   4.1155000e-16
       3921.9177   4.5548100e-16
       3924.0075   4.0822700e-16
       3926.0974   4.2921500e-16
       3928.1872   4.6925500e-16
       3930.2770   4.7506800e-16
       3932.3669   4.4423700e-16
       3934.4567   4.2451800e-16
       3936.5465   4.2344700e-16
       3938.6364   3.8742100e-16
       3940.7263   4.2190400e-16
       3942.8162   3.8506600e-16
       3944.9060   4.2496900e-16
       3946.9958   4.5509400e-16
       3949.0857   4.4365900e-16
       3951.1755   4.0859700e-16
       3953.2653   4.4762600e-16
       3955.3552   4.3988500e-16
       3957.4450   4.4229900e-16
       3959.5349   4.0808000e-16
       3961.6247   4.2614300e-16
       3963.7145   4.4074500e-16
       3965.8044   4.5771700e-16
       3967.8942   4.6448900e-16
       3969.9840   4.2866800e-16
       3972.0739   4.4098400e-16
       3974.1638   4.3561700e-16
       3976.2537   4.2298900e-16
       3978.3435   3.9176600e-16
       3980.4333   4.3652600e-16
       3982.5331   4.1195700e-16
       3984.6230   3.8754000e-16
       3986.7128   4.2640100e-16
       3988.8027   4.4259100e-16
       3990.8925   4.1562100e-16
       3992.9823   4.3233100e-16
       3995.0722   4.3539900e-16
       3997.1620   4.4148300e-16
       3999.2519   4.3747900e-16
       4001.3418   4.0710700e-16
       4003.4316   4.4525200e-16
       4005.5215   4.0311600e-16
       4007.6113   4.3705600e-16
       4009.7011   4.1477100e-16
       4011.7910   4.1904300e-16
       4013.8808   4.2882800e-16
       4015.9706   4.0696400e-16
       4018.0605   4.0274800e-16
       4020.1503   4.0603900e-16
       4022.2402   4.0995800e-16
       4024.3300   3.8978100e-16
       4026.4198   3.8083600e-16
       4028.5098   4.2767700e-16
       4030.5996   3.8568900e-16
       4032.6894   3.9748500e-16
       4034.7793   4.2167200e-16
       4036.8691   3.9656400e-16
       4038.9590   3.7946200e-16
       4041.0488   3.7634500e-16
       4043.1386   3.9913300e-16
       4045.2385   4.1533500e-16
       4047.3283   4.2003800e-16
       4049.4181   4.1435100e-16
       4051.5080   3.9312300e-16
       4053.5979   3.8261900e-16
       4055.6877   4.0275700e-16
       4057.7776   3.8069500e-16
       4059.8674   3.7476300e-16
       4061.9573   3.6949600e-16
       4064.0471   3.7790600e-16
       4066.1369   3.8232800e-16
       4068.2268   3.9799900e-16
       4070.3166   3.9533800e-16
       4072.4064   3.9191400e-16
       4074.4963   3.8630100e-16
       4076.5861   3.6978300e-16
       4078.6759   3.8328200e-16
       4080.7658   3.6118300e-16
       4082.8556   3.7610000e-16
       4084.9455   4.0464800e-16
       4087.0354   4.1720300e-16
       4089.1252   3.9900200e-16
       4091.2151   4.0329900e-16
       4093.3049   3.9388200e-16
       4095.3947   3.7942800e-16
       4097.4846   3.8894000e-16
       4099.5744   3.8864500e-16
       4101.6643   3.7101700e-16
       4103.7541   4.0049900e-16
       4105.8439   3.9490500e-16
       4107.9438   3.7292900e-16
       4110.0337   4.2362500e-16
       4112.1235   4.1014400e-16
       4114.2134   3.9139700e-16
       4116.3032   3.7812200e-16
       4118.3930   3.7366400e-16
       4120.4829   3.6623900e-16
       4122.5727   3.6995400e-16
       4124.6626   3.8286900e-16
       4126.7524   3.8925300e-16
       4128.8422   3.6176500e-16
       4130.9321   3.7144500e-16
       4133.0219   3.7649800e-16
       4135.1117   3.8510000e-16
       4137.2016   3.8676900e-16
       4139.2914   3.8612800e-16
       4141.3814   3.8006100e-16
       4143.4712   3.7990400e-16
       4145.5610   3.7299900e-16
       4147.6509   3.7728400e-16
       4149.7407   3.9123600e-16
       4151.8305   3.9489400e-16
       4153.9204   3.7408000e-16
       4156.0102   3.8152200e-16
       4158.1001   3.8691500e-16
       4160.1899   3.9733900e-16
       4162.2797   3.8125400e-16
       4164.3696   3.7949900e-16
       4166.4594   3.8339200e-16
       4168.5492   3.8086400e-16
       4170.6492   3.7864700e-16
       4172.7390   3.7679000e-16
       4174.8288   3.9817000e-16
       4176.9187   4.0220700e-16
       4179.0085   3.8545200e-16
       4181.0983   4.0093500e-16
       4183.1882   3.7401500e-16
       4185.2780   3.9389300e-16
       4187.3679   3.7137300e-16
       4189.4577   3.9964300e-16
       4191.5475   3.7913500e-16
       4193.6374   3.7042400e-16
       4195.7272   3.7854400e-16
       4197.8171   3.7479500e-16
       4199.9070   3.7325300e-16
       4201.9968   3.8662700e-16
       4204.0867   4.0381800e-16
       4206.1765   3.8524500e-16
       4208.2663   3.8935100e-16
       4210.3562   3.9151000e-16
       4212.4460   3.8597300e-16
       4214.5358   3.8963200e-16
       4216.6257   3.7813000e-16
       4218.7155   3.7495400e-16
       4220.8054   3.9108600e-16
       4222.8952   3.8301800e-16
       4224.9850   3.9789500e-16
       4227.0750   4.0164600e-16
       4229.1648   3.9870500e-16
       4231.2546   3.8402400e-16
       4233.3545   3.8632900e-16
       4235.4443   3.8410900e-16
       4237.5341   3.8763600e-16
       4239.6240   3.8964900e-16
       4241.7138   3.8360600e-16
       4243.8036   3.8094800e-16
       4245.8935   3.8915900e-16
       4247.9833   3.7923300e-16
       4250.0733   3.7608600e-16
       4252.1631   3.7585800e-16
       4254.2529   3.7999000e-16
       4256.3428   4.1070800e-16
       4258.4326   4.0113000e-16
       4260.5224   3.7699900e-16
       4262.6123   3.7672000e-16
       4264.7021   3.9437800e-16
       4266.7920   3.7973500e-16
       4268.8818   3.8020000e-16
       4270.9716   3.9650500e-16
       4273.0615   3.8546100e-16
       4275.1513   3.8687100e-16
       4277.2411   3.8205700e-16
       4279.3310   3.9077000e-16
       4281.4209   3.6786000e-16
       4283.5108   3.8324400e-16
       4285.6006   3.9125500e-16
       4287.6904   3.8452300e-16
       4289.7803   3.7819900e-16
       4291.8701   3.8824700e-16
       4293.9599   3.7772500e-16
       4296.0598   3.7525300e-16
       4298.1496   3.8210600e-16
       4300.2394   3.7511800e-16
       4302.3293   3.7945600e-16
       4304.4191   4.0343200e-16
       4306.5090   3.8669400e-16
       4308.5989   3.6627800e-16
       4310.6887   3.9431000e-16
       4312.7786   3.9806400e-16
       4314.8684   3.7342400e-16
       4316.9582   3.8508500e-16
       4319.0481   3.8702300e-16
       4321.1379   3.8527900e-16
       4323.2278   3.7434700e-16
       4325.3176   3.8574200e-16
       4327.4074   3.8398300e-16
       4329.4973   3.8004300e-16
       4331.5871   3.7316900e-16
       4333.6769   3.6475600e-16
       4335.7668   3.8606400e-16
       4337.8566   3.8962200e-16
       4339.9466   3.7717200e-16
       4342.0364   3.8108300e-16
       4344.1262   3.7616300e-16
       4346.2161   3.7456200e-16
       4348.3059   3.5931900e-16
       4350.3957   3.7253500e-16
       4352.4856   3.8577600e-16
       4354.5754   3.6890300e-16
       4356.6653   3.6912900e-16
       4358.7551   3.7659300e-16
       4360.8449   3.7016500e-16
       4362.9447   3.9272600e-16
       4365.0347   3.8748300e-16
       4367.1245   3.8055600e-16
       4369.2144   3.9525000e-16
       4371.3042   3.6975300e-16
       4373.3940   3.8240500e-16
       4375.4839   3.8836300e-16
       4377.5737   3.7646200e-16
       4379.6635   3.7015100e-16
       4381.7534   3.7104100e-16
       4383.8432   3.7942700e-16
       4385.9331   3.7347100e-16
       4388.0229   3.7159600e-16
       4390.1127   3.8543300e-16
       4392.2027   3.8016100e-16
       4394.2924   3.7121800e-16
       4396.3823   3.7373600e-16
       4398.4722   3.7462300e-16
       4400.5620   3.7334900e-16
       4402.6519   3.6747500e-16
       4404.7417   3.7694900e-16
       4406.8315   3.7795100e-16
       4408.9214   3.6748200e-16
       4411.0112   3.6231300e-16
       4413.1010   3.6512600e-16
       4415.1909   3.5278000e-16
       4417.2807   3.5589200e-16
       4419.3706   3.8709500e-16
       4421.4604   3.6365200e-16
       4423.5503   3.7007100e-16
       4425.6501   3.7012700e-16
       4427.7400   3.6947200e-16
       4429.8298   3.7833300e-16
       4431.9197   3.7721300e-16
       4434.0095   3.6747600e-16
       4436.0993   3.6339900e-16
       4438.1892   3.5598600e-16
       4440.2790   3.5328700e-16
       4442.3688   3.5957700e-16
       4444.4587   3.6601100e-16
       4446.5485   3.6798400e-16
       4448.6385   3.6685200e-16
       4450.7283   3.7390600e-16
       4452.8181   3.5853800e-16
       4454.9080   3.6385800e-16
       4456.9978   3.6289400e-16
       4459.0876   3.5843600e-16
       4461.1775   3.5925400e-16
       4463.2673   3.6387600e-16
       4465.3572   3.7047100e-16
       4467.4470   3.6558900e-16
       4469.5368   3.5694000e-16
       4471.6267   3.6667400e-16
       4473.7165   3.7796500e-16
       4475.8063   3.8267200e-16
       4477.8962   3.8242900e-16
       4479.9861   3.9294900e-16
       4482.0760   3.9607100e-16
       4484.1658   3.8918900e-16
       4486.2556   3.8293400e-16
       4488.3554   3.7614100e-16
       4490.4453   3.9142300e-16
       4492.5351   3.9083300e-16
       4494.6250   3.7327000e-16
       4496.7148   3.6973500e-16
       4498.8046   3.6695500e-16
       4500.8945   3.7114100e-16
       4502.9843   3.7304800e-16
       4505.0742   3.8173300e-16
       4507.1641   3.8805600e-16
       4509.2539   3.7992400e-16
       4511.3438   3.7668800e-16
       4513.4336   3.6601200e-16
       4515.5234   3.7333000e-16
       4517.6133   3.6923300e-16
       4519.7031   3.6874900e-16
       4521.7929   3.6705800e-16
       4523.8828   3.7168800e-16
       4525.9726   3.7205400e-16
       4528.0625   3.7927500e-16
       4530.1523   3.7249100e-16
       4532.2421   3.6367100e-16
       4534.3320   3.7080700e-16
       4536.4218   3.7611300e-16
       4538.5117   3.9390200e-16
       4540.6016   3.8065400e-16
       4542.6914   3.7210500e-16
       4544.7813   3.7633000e-16
       4546.8711   3.7560300e-16
       4548.9609   3.5819300e-16
       4551.0608   3.6077400e-16
       4553.1506   3.6515900e-16
       4555.2404   3.6575400e-16
       4557.3303   3.5051300e-16
       4559.4201   3.5533600e-16
       4561.5099   3.7227900e-16
       4563.5999   3.7066100e-16
       4565.6897   3.6530900e-16
       4567.7796   3.7514000e-16
       4569.8694   3.6855700e-16
       4571.9592   3.6694200e-16
       4574.0491   3.6862100e-16
       4576.1389   3.7096400e-16
       4578.2287   3.6461700e-16
       4580.3186   3.6059100e-16
       4582.4084   3.6102300e-16
       4584.4983   3.5278900e-16
       4586.5881   3.6446000e-16
       4588.6779   3.5935400e-16
       4590.7679   3.5734200e-16
       4592.8576   3.5550900e-16
       4594.9475   3.6037300e-16
       4597.0374   3.6804800e-16
       4599.1272   3.7723800e-16
       4601.2171   3.6546300e-16
       4603.3069   3.5503600e-16
       4605.3967   3.6042700e-16
       4607.4866   3.5686900e-16
       4609.5764   3.5449200e-16
       4611.6662   3.7194900e-16
       4613.7561   3.5909900e-16
       4615.8560   3.6578700e-16
       4617.9457   3.7021500e-16
       4620.0357   3.6699900e-16
       4622.1255   3.5883800e-16
       4624.2153   3.5430700e-16
       4626.3052   3.6333900e-16
       4628.3950   3.5233600e-16
       4630.4849   3.5674400e-16
       4632.5747   3.5439100e-16
       4634.6645   3.5710700e-16
       4636.7544   3.5155500e-16
       4638.8442   3.4854600e-16
       4640.9340   3.5439600e-16
       4643.0239   3.5224000e-16
       4645.1137   3.5120900e-16
       4647.2037   3.4438200e-16
       4649.2935   3.4507200e-16
       4651.3833   3.4699900e-16
       4653.4732   3.5492500e-16
       4655.5630   3.5333400e-16
       4657.6528   3.5219300e-16
       4659.7427   3.4949800e-16
       4661.8325   3.5453000e-16
       4663.9224   3.5113100e-16
       4666.0122   3.4669200e-16
       4668.1020   3.3777100e-16
       4670.1919   3.5351200e-16
       4672.2817   3.4723600e-16
       4674.3715   3.4838800e-16
       4676.4614   3.3077400e-16
       4678.5613   3.4422900e-16
       4680.6511   3.4722000e-16
       4682.7410   3.4314400e-16
       4684.8308   3.4143500e-16
       4686.9206   3.3849800e-16
       4689.0105   3.5206000e-16
       4691.1003   3.3982800e-16
       4693.1902   3.3663800e-16
       4695.2800   3.2398700e-16
       4697.3698   3.3722000e-16
       4699.4597   3.4499100e-16
       4701.5495   3.4065500e-16
       4703.6394   3.3606700e-16
       4705.7293   3.4585600e-16
       4707.8191   3.4563400e-16
       4709.9090   3.4276800e-16
       4711.9988   3.3851900e-16
       4714.0886   3.3962100e-16
       4716.1785   3.3379900e-16
       4718.2683   3.3227600e-16
       4720.3581   3.3998000e-16
       4722.4480   3.4055600e-16
       4724.5378   3.4046400e-16
       4726.6277   3.3720900e-16
       4728.7175   3.3967600e-16
       4730.8073   3.4560500e-16
       4732.8972   3.2794800e-16
       4734.9870   3.3954400e-16
       4737.0769   3.3548500e-16
       4739.1668   3.4007600e-16
       4741.2666   3.3035500e-16
       4743.3564   3.3204200e-16
       4745.4463   3.3672600e-16
       4747.5361   3.3234000e-16
       4749.6260   3.3369300e-16
       4751.7158   3.2977000e-16
       4753.8056   3.3551000e-16
       4755.8955   3.4297400e-16
       4757.9853   3.2717900e-16
       4760.0751   3.1609400e-16
       4762.1651   3.2985300e-16
       4764.2549   3.3153700e-16
       4766.3447   3.3157500e-16
       4768.4346   3.2884800e-16
       4770.5244   3.3130500e-16
       4772.6143   3.2505500e-16
       4774.7041   3.3089300e-16
       4776.7939   3.3156300e-16
       4778.8838   3.2844500e-16
       4780.9736   3.2681100e-16
       4783.0634   3.2194400e-16
       4785.1533   3.2629200e-16
       4787.2431   3.3204200e-16
       4789.3331   3.3871900e-16
       4791.4229   3.4050600e-16
       4793.5127   3.3937700e-16
       4795.6026   3.3761800e-16
       4797.6924   3.4091600e-16
       4799.7822   3.3958300e-16
       4801.8721   3.2753100e-16
       4803.9719   3.2842100e-16
       4806.0617   3.3214300e-16
       4808.1516   3.2526100e-16
       4810.2414   3.3604300e-16
       4812.3313   3.3564200e-16
       4814.4212   3.3179800e-16
       4816.5110   3.3945900e-16
       4818.6009   3.3055900e-16
       4820.6907   3.3240500e-16
       4822.7805   3.2355800e-16
       4824.8704   3.3031900e-16
       4826.9602   3.4081100e-16
       4829.0501   3.3416500e-16
       4831.1399   3.2562500e-16
       4833.2297   3.3546800e-16
       4835.3196   3.3702800e-16
       4837.4094   3.2938800e-16
       4839.4992   3.4559900e-16
       4841.5891   3.3496900e-16
       4843.6789   3.2750700e-16
       4845.7689   3.3979300e-16
       4847.8587   3.3275600e-16
       4849.9485   3.3746000e-16
       4852.0384   3.3265000e-16
       4854.1282   3.3247200e-16
       4856.2180   3.3093300e-16
       4858.3079   3.2905200e-16
       4860.3977   3.3156300e-16
       4862.4876   3.3763600e-16
       4864.5774   3.2474100e-16
       4866.6672   3.2587700e-16
       4868.7571   3.2590500e-16
       4870.8570   3.3562600e-16
       4872.9468   3.3089100e-16
       4875.0367   3.3389700e-16
       4877.1265   3.2646700e-16
       4879.2163   3.3097000e-16
       4881.3062   3.2859600e-16
       4883.3960   3.2405600e-16
       4885.4858   3.2745000e-16
       4887.5757   3.3152800e-16
       4889.6655   3.3035600e-16
       4891.7554   3.2329800e-16
       4893.8452   3.2795000e-16
       4895.9350   3.2312300e-16
       4898.0249   3.2673000e-16
       4900.1147   3.3299600e-16
       4902.2046   3.3582200e-16
       4904.2945   3.3519500e-16
       4906.3843   3.3581300e-16
       4908.4742   3.3273100e-16
       4910.5640   3.3028800e-16
       4912.6538   3.3377900e-16
       4914.7437   3.3393100e-16
       4916.8335   3.3221900e-16
       4918.9233   3.2991800e-16
       4921.0132   3.2968300e-16
       4923.1030   3.2757000e-16
       4925.1929   3.2964600e-16
       4927.2827   3.3193800e-16
       4929.3725   3.3593500e-16
       4931.4624   3.3444300e-16
       4933.5623   3.2917100e-16
       4935.6521   3.3198800e-16
       4937.7420   3.3816500e-16
       4939.8318   3.4421500e-16
       4941.9216   3.2944200e-16
       4944.0115   3.3411400e-16
       4946.1013   3.3264100e-16
       4948.1911   3.3154000e-16
       4950.2810   3.3364200e-16
       4952.3708   3.3727200e-16
       4954.4607   3.3923200e-16
       4956.5505   3.2258500e-16
       4958.6403   3.3102100e-16
       4960.7303   3.3854200e-16
       4962.8201   3.3180600e-16
       4964.9099   3.3402700e-16
       4966.9998   3.2027200e-16
       4969.0896   3.3092100e-16
       4971.1795   3.2825100e-16
       4973.2693   3.3133600e-16
       4975.3591   3.2675500e-16
       4977.4490   3.2586100e-16
       4979.5388   3.2342600e-16
       4981.6286   3.3350500e-16
       4983.7185   3.3982000e-16
       4985.8083   3.3435000e-16
       4987.8983   3.2780400e-16
       4989.9881   3.2761900e-16
       4992.0779   3.2391000e-16
       4994.1678   3.2839000e-16
       4996.2676   3.3306700e-16
       4998.3574   3.3117500e-16
       5000.4473   3.2556200e-16
       5002.5371   3.3265100e-16
       5004.6269   3.3441800e-16
       5006.7168   3.3655400e-16
       5008.8066   3.2983474e-16
       5010.8966   3.2964693e-16
       5012.9864   3.2945914e-16
       5015.0762   3.2927134e-16
       5017.1661   3.2908354e-16
       5019.2559   3.2889574e-16
       5021.3457   3.2870794e-16
       5023.4356   3.2852014e-16
       5025.5254   3.2833234e-16
       5027.6153   3.2814454e-16
       5029.7051   3.2795674e-16
       5031.7949   3.2776894e-16
       5033.8848   3.2758114e-16
       5035.9746   3.2739334e-16
       5038.0644   3.2720555e-16
       5040.1543   3.2162200e-16
       5042.2442   3.2268200e-16
       5044.3341   3.2769000e-16
       5046.4239   3.2010300e-16
       5048.5137   3.2373300e-16
       5050.6036   3.3295900e-16
       5052.6934   3.3195200e-16
       5054.7832   3.3155600e-16
       5056.8731   3.2883800e-16
       5058.9729   3.2714400e-16
       5061.0627   3.2470300e-16
       5063.1526   3.2878500e-16
       5065.2424   3.2686400e-16
       5067.3323   3.2265500e-16
       5069.4222   3.2591000e-16
       5071.5120   3.2397600e-16
       5073.6019   3.2224200e-16
       5075.6917   3.2956800e-16
       5077.7815   3.2758900e-16
       5079.8714   3.2504700e-16
       5081.9612   3.1918300e-16
       5084.0510   3.2027100e-16
       5086.1409   3.3720400e-16
       5088.2307   3.2832600e-16
       5090.3206   3.2030400e-16
       5092.4104   3.2067600e-16
       5094.5002   3.2908500e-16
       5096.5901   3.2067300e-16
       5098.6799   3.2054200e-16
       5100.7698   3.2299700e-16
       5102.8597   3.1980900e-16
       5104.9495   3.2170200e-16
       5107.0394   3.1891100e-16
       5109.1292   3.2193816e-16
       5111.2190   3.2174718e-16
       5113.3089   3.2155619e-16
       5115.3987   3.2136521e-16
       5117.4885   3.2117423e-16
       5119.5784   3.2098324e-16
       5121.6782   3.2079135e-16
       5123.7680   3.2060037e-16
       5125.8580   3.2040938e-16
       5127.9478   3.2021840e-16
       5130.0376   3.2002742e-16
       5132.1275   3.1983643e-16
       5134.2173   3.1964545e-16
       5136.3072   3.1945446e-16
       5138.3970   3.1926348e-16
       5140.4868   3.1822900e-16
       5142.5767   3.1572300e-16
       5144.6665   3.2082000e-16
       5146.7563   3.2458300e-16
       5148.8462   3.2039700e-16
       5150.9360   3.1026500e-16
       5153.0260   3.1354400e-16
       5155.1157   3.1794100e-16
       5157.2056   3.1511552e-16
       5159.2955   3.1478387e-16
       5161.3853   3.1445224e-16
       5163.4751   3.1412060e-16
       5165.5650   3.1378895e-16
       5167.6548   3.1345732e-16
       5169.7447   3.1312567e-16
       5171.8345   3.1279403e-16
       5173.9243   3.1246240e-16
       5176.0142   3.1213075e-16
       5178.1040   3.1179911e-16
       5180.1938   3.1146748e-16
       5182.2837   3.1113583e-16
       5184.3836   3.1080261e-16
       5186.4734   3.1047097e-16
       5188.5633   3.1013932e-16
       5190.6531   3.0980769e-16
       5192.7429   3.0947605e-16
       5194.8328   3.0637100e-16
       5196.9226   3.0594700e-16
       5199.0125   3.1415400e-16
       5201.1023   3.0746300e-16
       5203.1921   3.0420900e-16
       5205.2820   3.0843800e-16
       5207.3718   3.0673500e-16
       5209.4616   3.0766600e-16
       5211.5516   3.0668600e-16
       5213.6414   3.0414200e-16
       5215.7313   3.0390000e-16
       5217.8211   3.0526800e-16
       5219.9109   3.0245500e-16
       5222.0008   3.0409300e-16
       5224.0906   2.9623300e-16
       5226.1804   3.0362600e-16
       5228.2703   3.0343000e-16
       5230.3601   3.0045600e-16
       5232.4500   3.0523100e-16
       5234.5398   2.9979600e-16
       5236.6296   3.0255800e-16
       5238.7195   2.9317900e-16
       5240.8094   2.9993300e-16
       5242.8992   2.9507300e-16
       5244.9891   2.9617000e-16
       5247.0789   2.9390700e-16
       5249.1787   2.9124100e-16
       5251.2686   2.9770300e-16
       5253.3584   2.9028700e-16
       5255.4483   2.8533100e-16
       5257.5381   2.8097600e-16
       5259.6279   2.9161400e-16
       5261.7178   2.9221600e-16
       5263.8076   2.9129100e-16
       5265.8975   2.9259600e-16
       5267.9874   2.9092300e-16
       5270.0772   2.9019300e-16
       5272.1671   2.9477400e-16
       5274.2569   2.8662600e-16
       5276.3467   2.8742300e-16
       5278.4366   2.9319800e-16
       5280.5264   2.9273800e-16
       5282.6162   2.9111200e-16
       5284.7061   2.8711200e-16
       5286.7959   2.8599600e-16
       5288.8858   2.9581400e-16
       5290.9756   2.9469700e-16
       5293.0654   2.9007200e-16
       5295.1553   2.8541900e-16
       5297.2451   2.9337900e-16
       5299.3350   2.8719000e-16
       5301.4249   2.8762800e-16
       5303.5147   2.8791600e-16
       5305.6046   2.8516200e-16
       5307.6944   2.8425800e-16
       5309.7842   2.9140500e-16
       5311.8840   2.8917400e-16
       5313.9739   2.8986400e-16
       5316.0637   2.7775600e-16
       5318.1536   2.8270900e-16
       5320.2434   2.8480100e-16
       5322.3332   2.8587900e-16
       5324.4232   2.8165700e-16
       5326.5130   2.8496800e-16
       5328.6028   2.8472100e-16
       5330.6927   2.8263000e-16
       5332.7825   2.8077700e-16
       5334.8724   2.8301500e-16
       5336.9622   2.8448000e-16
       5339.0520   2.8065000e-16
       5341.1419   2.7682200e-16
       5343.2317   2.8470800e-16
       5345.3215   2.8991600e-16
       5347.4114   2.8350300e-16
       5349.5012   2.8385200e-16
       5351.5912   2.7812700e-16
       5353.6809   2.8033300e-16
       5355.7708   2.8335400e-16
       5357.8607   2.7972500e-16
       5359.9505   2.7765600e-16
       5362.0403   2.7343500e-16
       5364.1302   2.7788100e-16
       5366.2200   2.8327300e-16
       5368.3099   2.7607400e-16
       5370.3997   2.7870700e-16
       5372.4895   2.8349000e-16
       5374.5794   2.7866600e-16
       5376.6793   2.7402100e-16
       5378.7690   2.7906800e-16
       5380.8590   2.7734400e-16
       5382.9488   2.7852300e-16
       5385.0386   2.8273800e-16
       5387.1285   2.7867500e-16
       5389.2183   2.7662600e-16
       5391.3081   2.7614700e-16
       5393.3980   2.7158500e-16
       5395.4878   2.6777800e-16
       5397.5777   2.7119200e-16
       5399.6675   2.7717800e-16
       5401.7573   2.6810800e-16
       5403.8472   2.6723200e-16
       5405.9370   2.7348200e-16
       5408.0269   2.7247300e-16
       5410.1168   2.6645500e-16
       5412.2066   2.6834300e-16
       5414.2965   2.6944800e-16
       5416.3863   2.7547000e-16
       5418.4761   2.7500800e-16
       5420.5660   2.7283400e-16
       5422.6558   2.7073400e-16
       5424.7456   2.7149800e-16
       5426.8355   2.6987200e-16
       5428.9253   2.7109300e-16
       5431.0152   2.7238800e-16
       5433.1050   2.6827000e-16
       5435.1948   2.7061200e-16
       5437.2847   2.6931200e-16
       5439.3846   2.6656700e-16
       5441.4744   2.7011700e-16
       5443.5643   2.7024700e-16
       5445.6541   2.6819600e-16
       5447.7439   2.6773800e-16
       5449.8338   2.7334700e-16
       5451.9236   2.6804300e-16
       5454.0134   2.6558200e-16
       5456.1033   2.7062900e-16
       5458.1931   2.6967000e-16
       5460.2830   2.7075700e-16
       5462.3728   2.7578700e-16
       5464.4627   2.6706000e-16
       5466.5526   2.6361700e-16
       5468.6424   2.6789600e-16
       5470.7322   2.6949700e-16
       5472.8221   2.7117100e-16
       5474.9119   2.7059500e-16
       5477.0018   2.7043200e-16
       5479.0916   2.6765300e-16
       5481.1814   2.6492000e-16
       5483.2713   2.6637300e-16
       5485.3611   2.6293600e-16
       5487.4509   2.6850000e-16
       5489.5408   2.6833700e-16
       5491.6306   2.6415300e-16
       5493.7206   2.6362400e-16
       5495.8103   2.6019000e-16
       5497.9002   2.6912500e-16
       5499.9901   2.6492900e-16
       5502.0899   2.6223000e-16
       5504.1797   2.6253800e-16
       5506.2696   2.6039800e-16
       5508.3594   2.5938700e-16
       5510.4492   2.6142500e-16
       5512.5391   2.5997500e-16
       5514.6289   2.6576200e-16
       5516.7188   2.6254000e-16
       5518.8086   2.6041700e-16
       5520.8984   2.6768100e-16
       5522.9884   2.7248200e-16
       5525.0782   2.6931900e-16
       5527.1680   2.6526500e-16
       5529.2579   2.6542600e-16
       5531.3477   2.6511900e-16
       5533.4376   2.6623100e-16
       5535.5274   2.6159500e-16
       5537.6172   2.6741600e-16
       5539.7071   2.6474000e-16
       5541.7969   2.6877600e-16
       5543.8867   2.6259300e-16
       5545.9766   2.6255000e-16
       5548.0664   2.6110500e-16
       5550.1564   2.5952800e-16
       5552.2461   2.6274400e-16
       5554.3360   2.6238000e-16
       5556.4259   2.6543300e-16
       5558.5157   2.6077600e-16
       5560.6055   2.6350800e-16
       5562.6954   2.5943700e-16
       5564.7952   2.6923100e-16
       5566.8850   2.6222700e-16
       5568.9749   2.6704300e-16
       5571.0647   2.7445400e-16
       5573.1545   2.6144500e-16
       5575.2445   2.6370700e-16
       5577.3342   2.5466900e-16
       5579.4242   2.5258800e-16
       5581.5140   2.5520000e-16
       5583.6038   2.5856900e-16
       5585.6937   2.6026200e-16
       5587.7835   2.5918600e-16
       5589.8733   2.5725100e-16
       5591.9632   2.5884100e-16
       5594.0530   2.5096700e-16
       5596.1429   2.5778400e-16
       5598.2327   2.6144000e-16
       5600.3225   2.5537400e-16
       5602.4124   2.5403800e-16
       5604.5022   2.5664600e-16
       5606.5921   2.5032100e-16
       5608.6820   2.5720500e-16
       5610.7718   2.5956400e-16
       5612.8617   2.5591800e-16
       5614.9515   2.5529600e-16
       5617.0413   2.5088100e-16
       5619.1312   2.5440200e-16
       5621.2210   2.4940700e-16
       5623.3108   2.4957200e-16
       5625.4007   2.5416700e-16
       5627.5005   2.5556500e-16
       5629.5903   2.5440700e-16
       5631.6803   2.5011300e-16
       5633.7701   2.5202000e-16
       5635.8599   2.5498500e-16
       5637.9498   2.5632500e-16
       5640.0396   2.6014500e-16
       5642.1295   2.5315500e-16
       5644.2193   2.4853200e-16
       5646.3091   2.4785600e-16
       5648.3990   2.5295100e-16
       5650.4888   2.5620400e-16
       5652.5786   2.5374300e-16
       5654.6685   2.5400900e-16
       5656.7583   2.5769400e-16
       5658.8482   2.5378600e-16
       5660.9380   2.5125500e-16
       5663.0279   2.4975400e-16
       5665.1178   2.5461100e-16
       5667.2076   2.4828700e-16
       5669.2974   2.5276700e-16
       5671.3873   2.4973200e-16
       5673.4771   2.5525200e-16
       5675.5670   2.5149400e-16
       5677.6568   2.4443800e-16
       5679.7466   2.4408200e-16
       5681.8365   2.4582500e-16
       5683.9263   2.4280800e-16
       5686.0161   2.4550500e-16
       5688.1060   2.4846100e-16
       5690.1958   2.4784500e-16
       5692.2858   2.5270800e-16
       5694.3856   2.4324600e-16
       5696.4754   2.4614300e-16
       5698.5653   2.4242200e-16
       5700.6551   2.4218300e-16
       5702.7449   2.4213300e-16
       5704.8348   2.4098400e-16
       5706.9246   2.4093400e-16
       5709.0144   2.4794400e-16
       5711.1043   2.3699300e-16
       5713.1941   2.3944000e-16
       5715.2840   2.4464300e-16
       5717.3738   2.3958600e-16
       5719.4636   2.4024200e-16
       5721.5536   2.3420600e-16
       5723.6434   2.3950800e-16
       5725.7332   2.4332300e-16
       5727.8231   2.4187400e-16
       5729.9129   2.3984800e-16
       5732.0028   2.3952500e-16
       5734.0926   2.4140600e-16
       5736.1824   2.4157200e-16
       5738.2723   2.3783400e-16
       5740.3621   2.3638700e-16
       5742.4519   2.4197000e-16
       5744.5418   2.4253900e-16
       5746.6316   2.4024300e-16
       5748.7216   2.4023600e-16
       5750.8114   2.3869000e-16
       5752.9012   2.3350200e-16
       5754.9911   2.3532400e-16
       5757.0909   2.3668600e-16
       5759.1807   2.3919800e-16
       5761.2706   2.3680400e-16
       5763.3604   2.3495700e-16
       5765.4502   2.3137100e-16
       5767.5401   2.3570800e-16
       5769.6299   2.3199400e-16
       5771.7197   2.3211800e-16
       5773.8097   2.3276000e-16
       5775.8995   2.2960800e-16
       5777.9894   2.2773600e-16
       5780.0792   2.2770300e-16
       5782.1690   2.3311400e-16
       5784.2589   2.3329600e-16
       5786.3487   2.3182600e-16
       5788.4385   2.3488000e-16
       5790.5284   2.3675500e-16
       5792.6182   2.2990300e-16
       5794.7081   2.2708600e-16
       5796.7979   2.2992300e-16
       5798.8877   2.3429500e-16
       5800.9776   2.3972700e-16
       5803.0674   2.3422800e-16
       5805.1573   2.3205800e-16
       5807.2472   2.3509300e-16
       5809.3370   2.2166900e-16
       5811.4269   2.2676900e-16
       5813.5167   2.2807000e-16
       5815.6065   2.3500200e-16
       5817.6964   2.2994000e-16
       5819.7962   2.2224200e-16
       5821.8860   2.2503200e-16
       5823.9759   2.2543000e-16
       5826.0657   2.2425200e-16
       5828.1555   2.2815800e-16
       5830.2455   2.2937200e-16
       5832.3353   2.3337600e-16
       5834.4251   2.3103900e-16
       5836.5150   2.3017600e-16
       5838.6048   2.2927100e-16
       5840.6947   2.2001100e-16
       5842.7845   2.2990700e-16
       5844.8743   2.2240900e-16
       5846.9642   2.2766900e-16
       5849.0540   2.2412000e-16
       5851.1438   2.1997100e-16
       5853.2337   2.2394200e-16
       5855.3235   2.2645500e-16
       5857.4134   2.2206500e-16
       5859.5032   2.2403400e-16
       5861.5931   2.2458900e-16
       5863.6830   2.2211500e-16
       5865.7728   2.2368300e-16
       5867.8626   2.2618000e-16
       5869.9525   2.2466300e-16
       5872.0423   2.2390400e-16
       5874.1322   2.2343000e-16
       5876.2220   2.2496900e-16
       5878.3118   2.2014300e-16
       5880.4017   2.1703100e-16
       5882.5015   2.1725700e-16
       5884.5913   2.1311900e-16
       5886.6813   2.1542800e-16
       5888.7711   2.1026500e-16
       5890.8609   2.0628600e-16
       5892.9508   2.0427600e-16
       5895.0406   2.1007800e-16
       5897.1304   2.0888000e-16
       5899.2203   2.0838100e-16
       5901.3101   2.1118800e-16
       5903.4000   2.1308200e-16
       5905.4898   2.0956300e-16
       5907.5796   2.0855100e-16
       5909.6695   2.1187000e-16
       5911.7593   2.1198300e-16
       5913.8491   2.1223900e-16
       5915.9390   2.0998900e-16
       5918.0289   2.1232300e-16
       5920.1188   2.1716100e-16
       5922.2086   2.0883600e-16
       5924.2984   2.0510800e-16
       5926.3883   2.1307500e-16
       5928.4781   2.0745600e-16
       5930.5679   2.1038600e-16
       5932.6578   2.1182200e-16
       5934.7476   2.0639000e-16
       5936.8375   2.1352700e-16
       5938.9273   2.1432300e-16
       5941.0171   2.1217600e-16
       5943.1070   2.0823900e-16
       5945.2069   2.0805500e-16
       5947.2967   2.0380700e-16
       5949.3866   2.0478800e-16
       5951.4764   2.0160700e-16
       5953.5662   2.0629500e-16
       5955.6561   2.0615300e-16
       5957.7459   2.0537300e-16
       5959.8358   2.0017800e-16
       5961.9256   2.0808500e-16
       5964.0154   2.0800100e-16
       5966.1053   2.0067900e-16
       5968.1951   2.0137600e-16
       5970.2849   2.0255500e-16
       5972.3749   2.0325100e-16
       5974.4647   2.0309600e-16
       5976.5546   2.0287000e-16
       5978.6444   2.0003600e-16
       5980.7342   2.0124200e-16
       5982.8241   2.0251900e-16
       5984.9139   2.0529800e-16
       5987.0037   2.0466100e-16
       5989.0936   2.0457700e-16
       5991.1834   1.9970500e-16
       5993.2733   2.0098200e-16
       5995.3631   2.0096900e-16
       5997.4529   2.0235800e-16
       5999.5428   2.0110000e-16
       6001.6326   2.0151200e-16
       6003.7225   1.9718200e-16
       6005.8124   1.9878300e-16
       6007.9022   2.0236500e-16
       6010.0020   2.0158800e-16
       6012.0919   2.0528200e-16
       6014.1817   2.0494400e-16
       6016.2715   2.0047600e-16
       6018.3614   1.9677200e-16
       6020.4512   1.9820200e-16
       6022.5411   2.0117300e-16
       6024.6309   1.9624200e-16
       6026.7208   1.9894400e-16
       6028.8107   2.0168700e-16
       6030.9005   1.9915900e-16
       6032.9903   1.9817200e-16
       6035.0802   2.0302000e-16
       6037.1700   2.0344500e-16
       6039.2599   1.9625800e-16
       6041.3497   2.0244600e-16
       6043.4395   1.9911500e-16
       6045.5294   1.9992200e-16
       6047.6192   1.9832900e-16
       6049.7090   1.9652400e-16
       6051.7989   1.9601900e-16
       6053.8887   1.9854700e-16
       6055.9786   2.0015700e-16
       6058.0684   2.0051200e-16
       6060.1583   2.0334900e-16
       6062.2482   2.0502900e-16
       6064.3380   2.0408500e-16
       6066.4278   2.0601900e-16
       6068.5177   2.0800800e-16
       6070.6075   2.0390700e-16
       6072.7073   2.0193500e-16
       6074.7972   2.0698200e-16
       6076.8870   2.0419300e-16
       6078.9768   1.9720700e-16
       6081.0667   1.9594200e-16
       6083.1565   1.9911300e-16
       6085.2465   1.9646800e-16
       6087.3363   1.9013400e-16
       6089.4261   1.9382600e-16
       6091.5160   1.9937600e-16
       6093.6058   1.9821000e-16
       6095.6956   1.9808500e-16
       6097.7855   2.0188700e-16
       6099.8753   1.9810400e-16
       6101.9652   1.9411200e-16
       6104.0550   1.9310200e-16
       6106.1448   1.9598800e-16
       6108.2347   1.9331900e-16
       6110.3245   1.9732900e-16
       6112.4143   1.9248200e-16
       6114.5042   1.9792500e-16
       6116.5941   2.0016200e-16
       6118.6840   1.9185900e-16
       6120.7738   1.9096300e-16
       6122.8636   1.9262400e-16
       6124.9535   1.9626600e-16
       6127.0433   1.9583300e-16
       6129.1331   1.9110300e-16
       6131.2230   1.9032000e-16
       6133.3128   1.9457800e-16
       6135.4126   1.9722000e-16
       6137.5026   1.9653500e-16
       6139.5923   1.9256600e-16
       6141.6822   1.8941200e-16
       6143.7721   1.9338600e-16
       6145.8619   1.9327700e-16
       6147.9518   1.9124600e-16
       6150.0416   1.9383100e-16
       6152.1314   1.9868600e-16
       6154.2213   1.9807200e-16
       6156.3111   1.9386800e-16
       6158.4009   1.9576400e-16
       6160.4908   1.9463100e-16
       6162.5806   1.9406000e-16
       6164.6705   1.9389500e-16
       6166.7603   1.9360400e-16
       6168.8502   1.9074900e-16
       6170.9401   1.9330200e-16
       6173.0299   1.9410400e-16
       6175.1197   1.9280500e-16
       6177.2096   1.9290600e-16
       6179.2994   1.9337100e-16
       6181.3893   1.9149900e-16
       6183.4791   1.9322400e-16
       6185.5689   1.8790900e-16
       6187.6588   1.9387400e-16
       6189.7486   1.9089700e-16
       6191.8384   1.9684700e-16
       6193.9283   1.9268100e-16
       6196.0181   1.9304800e-16
       6198.1180   1.9170900e-16
       6200.2079   1.8785300e-16
       6202.2977   1.9154800e-16
       6204.3876   1.9184600e-16
       6206.4774   1.9205900e-16
       6208.5672   1.8679300e-16
       6210.6571   1.9248500e-16
       6212.7469   1.9490600e-16
       6214.8367   1.9197500e-16
       6216.9266   1.9087500e-16
       6219.0164   1.9068300e-16
       6221.1063   1.9183200e-16
       6223.1961   1.9352600e-16
       6225.2860   1.9397600e-16
       6227.3759   1.9547300e-16
       6229.4657   1.9585300e-16
       6231.5555   1.9443200e-16
       6233.6454   1.9472900e-16
       6235.7352   1.9455100e-16
       6237.8251   1.9597700e-16
       6239.9149   1.9320400e-16
       6242.0047   1.9238500e-16
       6244.0946   1.9601400e-16
       6246.1844   1.9915500e-16
       6248.2742   1.9592300e-16
       6250.3641   1.9451800e-16
       6252.4539   1.9573400e-16
       6254.5438   1.9714500e-16
       6256.6336   2.0000400e-16
       6258.7235   1.9822400e-16
       6260.8233   1.9401900e-16
       6262.9132   1.9609800e-16
       6265.0030   1.9438800e-16
       6267.0929   1.8552000e-16
       6269.1827   1.9113600e-16
       6271.2725   1.8799300e-16
       6273.3624   1.8971000e-16
       6275.4522   1.8665100e-16
       6277.5420   1.8661400e-16
       6279.6319   1.8990200e-16
       6281.7217   1.8470200e-16
       6283.8117   1.8437300e-16
       6285.9015   1.8962200e-16
       6287.9913   1.8980700e-16
       6290.0812   1.9301000e-16
       6292.1710   1.9515500e-16
       6294.2608   1.8555000e-16
       6296.3507   1.9556400e-16
       6298.4405   2.0135000e-16
       6300.5304   1.9730800e-16
       6302.6202   1.9108500e-16
       6304.7100   1.8732400e-16
       6306.7999   1.8991200e-16
       6308.8897   1.9379200e-16
       6310.9795   1.8982300e-16
       6313.0694   1.9288200e-16
       6315.1593   1.9694100e-16
       6317.2492   1.9401400e-16
       6319.3390   1.9060200e-16
       6321.4288   1.9235500e-16
       6323.5286   1.9811900e-16
       6325.6085   1.9831600e-16
       6327.7083   1.9357300e-16
       6329.7982   1.9554700e-16
       6331.8880   1.9650800e-16
       6333.9778   1.9710700e-16
       6336.0678   2.0000900e-16
       6338.1575   1.9758500e-16
       6340.2474   1.9826700e-16
       6342.3373   1.9900500e-16
       6344.4271   1.9501600e-16
       6346.5170   1.9647400e-16
       6348.6068   1.9610300e-16
       6350.6966   1.9890600e-16
       6352.7865   2.0136100e-16
       6354.8763   1.9468600e-16
       6356.9661   1.9869300e-16
       6359.0560   1.9593900e-16
       6361.1458   2.0106700e-16
       6363.2357   1.9974000e-16
       6365.3255   1.9961800e-16
       6367.4154   2.0520000e-16
       6369.5053   2.0031600e-16
       6371.5951   1.9555800e-16
       6373.6849   2.0040400e-16
       6375.7748   1.9694800e-16
       6377.8646   1.9498600e-16
       6379.9545   1.9616600e-16
       6382.0443   1.9935000e-16
       6384.1341   1.9870300e-16
       6386.2240   1.9376900e-16
       6388.3138   1.9608200e-16
       6390.4136   1.9839400e-16
       6392.5036   1.9885300e-16
       6394.5934   1.9712800e-16
       6396.6832   1.9691000e-16
       6398.7731   1.9738300e-16
       6400.8629   1.9448500e-16
       6402.9528   1.9672600e-16
       6405.0426   1.9656300e-16
       6407.1324   1.9811300e-16
       6409.2223   1.9862700e-16
       6411.3121   1.9799500e-16
       6413.4019   1.9393900e-16
       6415.4918   1.9130600e-16
       6417.5816   1.9626500e-16
       6419.6715   1.9371500e-16
       6421.7613   1.9921000e-16
       6423.8512   1.9871700e-16
       6425.9411   2.0317500e-16
       6428.0309   1.9468100e-16
       6430.1207   1.9851800e-16
       6432.2106   1.9503300e-16
       6434.3004   1.9670400e-16
       6436.3903   2.0060900e-16
       6438.4801   1.9256100e-16
       6440.5699   2.0013200e-16
       6442.6598   1.9717200e-16
       6444.7496   1.9947600e-16
       6446.8394   1.9621300e-16
       6448.9293   1.9377800e-16
       6451.0191   1.9637100e-16
       6453.1190   1.9366100e-16
       6455.2089   1.9177800e-16
       6457.2987   1.9405400e-16
       6459.3885   1.9221200e-16
       6461.4784   1.9276700e-16
       6463.5682   1.9677600e-16
       6465.6581   1.9946300e-16
       6467.7479   1.9748400e-16
       6469.8377   1.9282200e-16
       6471.9276   1.8891900e-16
       6474.0174   1.8686000e-16
       6476.1072   1.8829400e-16
       6478.1971   1.9115900e-16
       6480.2869   1.9471100e-16
       6482.3769   1.9415000e-16
       6484.4667   1.9370000e-16
       6486.5565   1.9047300e-16
       6488.6464   1.9234600e-16
       6490.7362   1.9303700e-16
       6492.8260   1.9236700e-16
       6494.9159   1.9110700e-16
       6497.0057   1.9289700e-16
       6499.0956   1.8799700e-16
       6501.1854   1.9258800e-16
       6503.2752   1.9305800e-16
       6505.3651   1.9265000e-16
       6507.4549   1.9279100e-16
       6509.5448   1.9077700e-16
       6511.6346   1.9396500e-16
       6513.7245   1.9532700e-16
       6515.8243   2.0014600e-16
       6517.9142   1.9628000e-16
       6520.0040   1.8950600e-16
       6522.0938   1.9351500e-16
       6524.1837   1.9401300e-16
       6526.2735   1.9248000e-16
       6528.3634   1.9640500e-16
       6530.4532   1.8827800e-16
       6532.5430   1.9161400e-16
       6534.6330   1.8753300e-16
       6536.7227   1.8707100e-16
       6538.8126   1.9118600e-16
       6540.9025   1.9020400e-16
       6542.9923   1.8915300e-16
       6545.0822   1.8952600e-16
       6547.1720   1.8906500e-16
       6549.2618   1.9105500e-16
       6551.3517   1.8984000e-16
       6553.4415   1.8707800e-16
       6555.5313   1.8804000e-16
       6557.6212   1.9189100e-16
       6559.7110   1.9441300e-16
       6561.8009   1.8761500e-16
       6563.8907   1.8793400e-16
       6565.9806   1.9245300e-16
       6568.0705   1.9270200e-16
       6570.1603   1.9362200e-16
       6572.2501   1.9343400e-16
       6574.3400   1.8851500e-16
       6576.4298   1.8765800e-16
       6578.5296   1.9075100e-16
       6580.6195   1.9014000e-16
       6582.7093   1.9115500e-16
       6584.7991   1.8908200e-16
       6586.8890   1.8777400e-16
       6588.9788   1.9320200e-16
       6591.0688   1.8864300e-16
       6593.1586   1.9139200e-16
       6595.2484   1.8855500e-16
       6597.3383   1.9007500e-16
       6599.4281   1.8815300e-16
       6601.5179   1.8579600e-16
       6603.6078   1.8840700e-16
       6605.6976   1.8463000e-16
       6607.7875   1.8675000e-16
       6609.8773   1.8679500e-16
       6611.9671   1.8658100e-16
       6614.0570   1.8752700e-16
       6616.1468   1.8870400e-16
       6618.2366   1.8791700e-16
       6620.3265   1.8343400e-16
       6622.4164   1.8331600e-16
       6624.5063   1.8611600e-16
       6626.5961   1.8755100e-16
       6628.6859   1.8803200e-16
       6630.7758   1.8660500e-16
       6632.8656   1.8538300e-16
       6634.9554   1.8194000e-16
       6637.0453   1.8351200e-16
       6639.1351   1.8930600e-16
       6641.2250   1.8650400e-16
       6643.3248   1.8653500e-16
       6645.4146   1.8607600e-16
       6647.5045   1.8711500e-16
       6649.5944   1.8831700e-16
       6651.6842   1.8346200e-16
       6653.7741   1.8545400e-16
       6655.8639   1.8157900e-16
       6657.9537   1.8135300e-16
       6660.0436   1.8749400e-16
       6662.1334   1.8294000e-16
       6664.2233   1.8845400e-16
       6666.3131   1.8728800e-16
       6668.4029   1.8209800e-16
       6670.4928   1.8517500e-16
       6672.5826   1.8522000e-16
       6674.6724   1.9108300e-16
       6676.7623   1.8382900e-16
       6678.8521   1.8502900e-16
       6680.9421   1.9144700e-16
       6683.0319   1.8988800e-16
       6685.1217   1.8570800e-16
       6687.2116   1.8799400e-16
       6689.3014   1.8467000e-16
       6691.3912   1.8563900e-16
       6693.4811   1.8552100e-16
       6695.5709   1.7890000e-16
       6697.6608   1.7938000e-16
       6699.7506   1.8155600e-16
       6701.8404   1.8229400e-16
       6703.9303   1.8247500e-16
       6706.0302   1.8226200e-16
       6708.1200   1.8367800e-16
       6710.2099   1.8088800e-16
       6712.2997   1.7877700e-16
       6714.3895   1.8046300e-16
       6716.4794   1.7924800e-16
       6718.5692   1.7960500e-16
       6720.6590   1.7814600e-16
       6722.7489   1.8067200e-16
       6724.8387   1.7564900e-16
       6726.9286   1.7869000e-16
       6729.0184   1.7799000e-16
       6731.1082   1.8070500e-16
       6733.1982   1.8180700e-16
       6735.2880   1.8122900e-16
       6737.3778   1.6878800e-16
       6739.4677   1.7740600e-16
       6741.5575   1.7756000e-16
       6743.6474   1.7617100e-16
       6745.7372   1.7436200e-16
       6747.8270   1.7638400e-16
       6749.9169   1.7368300e-16
       6752.0067   1.7448700e-16
       6754.0965   1.8020200e-16
       6756.1864   1.8059900e-16
       6758.2762   1.8060400e-16
       6760.3661   1.7949900e-16
       6762.4559   1.7414900e-16
       6764.5458   1.7661682e-16
       6766.6357   1.7647614e-16
       6768.7355   1.7633478e-16
       6770.8253   1.7619410e-16
       6772.9152   1.7605342e-16
       6775.0050   1.7591274e-16
       6777.0948   1.7577206e-16
       6779.1847   1.7563137e-16
       6781.2745   1.7549069e-16
       6783.3643   1.7535001e-16
       6785.4542   1.7520932e-16
       6787.5440   1.7506864e-16
       6789.6340   1.7492796e-16
       6791.7238   1.7478728e-16
       6793.8136   1.7464660e-16
       6795.9035   1.7450591e-16
       6797.9933   1.7436523e-16
       6800.0831   1.7422455e-16
       6802.1730   1.7408386e-16
       6804.2628   1.7394318e-16
       6806.3527   1.7404453e-16
       6808.4425   1.7389577e-16
       6810.5323   1.7374702e-16
       6812.6222   1.7359826e-16
       6814.7120   1.7344951e-16
       6816.8018   1.7330075e-16
       6818.8917   1.7315199e-16
       6820.9816   1.7300324e-16
       6823.0715   1.7285448e-16
       6825.1613   1.7270572e-16
       6827.2511   1.7255697e-16
       6829.3410   1.7240821e-16
       6831.4308   1.7225946e-16
       6833.5306   1.7210999e-16
       6835.6205   1.7196123e-16
       6837.7103   1.7181248e-16
       6839.8001   1.7166372e-16
       6841.8900   1.7151496e-16
       6843.9798   1.7136621e-16
       6846.0697   1.7121746e-16
       6848.1596   1.7106870e-16
       6850.2494   1.7091994e-16
       6852.3393   1.7077118e-16
       6854.4291   1.7062243e-16
       6856.5189   1.7047368e-16
       6858.6088   1.7032491e-16
       6860.6986   1.7017616e-16
       6862.7884   1.7002741e-16
       6864.8783   1.6987865e-16
       6866.9681   1.6972989e-16
       6869.0580   1.6958113e-16
       6871.1478   1.6943238e-16
       6873.2376   1.6928363e-16
       6875.3275   1.6913487e-16
       6877.4174   1.6898611e-16
       6879.5072   1.6883736e-16
       6881.5971   1.6868860e-16
       6883.6869   1.6853985e-16
       6885.7768   1.6839109e-16
       6887.8666   1.6824233e-16
       6889.9564   1.6809358e-16
       6892.0463   1.6794482e-16
       6894.1361   1.6779607e-16
       6896.2359   1.6764660e-16
       6898.3258   1.6749784e-16
       6900.4156   1.6734908e-16
       6902.5055   1.6720033e-16
       6904.5954   1.6705157e-16
       6906.6852   1.6690282e-16
       6908.7751   1.6675406e-16
       6910.8649   1.6660530e-16
       6912.9547   1.6645655e-16
       6915.0446   1.6630779e-16
       6917.1344   1.6615904e-16
       6919.2242   1.6601028e-16
       6921.3141   1.6586152e-16
       6923.4039   1.6571277e-16
       6925.4938   1.6556401e-16
       6927.5836   1.6541526e-16
       6929.6734   1.6526650e-16
       6931.7634   1.6511774e-16
       6933.8532   1.6496899e-16
       6935.9430   1.6482024e-16
       6938.0329   1.6467147e-16
       6940.1227   1.6452272e-16
       6942.2126   1.6437396e-16
       6944.3024   1.6422521e-16
       6946.3922   1.6407645e-16
       6948.4821   1.6392769e-16
       6950.5719   1.6377894e-16
       6952.6617   1.6363019e-16
       6954.7516   1.6348143e-16
       6956.8414   1.6333267e-16
       6958.9413   1.6318321e-16
       6961.0312   1.6303445e-16
       6963.1210   1.6288569e-16
       6965.2108   1.6273694e-16
       6967.3007   1.6258818e-16
       6969.3905   1.6243943e-16
       6971.4804   1.6229067e-16
       6973.5702   1.6214191e-16
       6975.6600   1.6199316e-16
       6977.7499   1.6184440e-16
       6979.8397   1.6169564e-16
       6981.9295   1.6154689e-16
       6984.0194   1.6139813e-16
       6986.1093   1.6124938e-16
       6988.1992   1.6110062e-16
       6990.2890   1.6095186e-16
       6992.3788   1.5535200e-16
       6994.4687   1.5836000e-16
       6996.5585   1.6156800e-16
       6998.6483   1.5713400e-16
       7000.7382   1.5966100e-16
       7002.8280   1.6421400e-16
       7004.9179   1.6032800e-16
       7007.0077   1.6026800e-16
       7009.0975   1.5601000e-16
       7011.1874   1.5724300e-16
       7013.2772   1.5956800e-16
       7015.3670   1.5888200e-16
       7017.4569   1.5518600e-16
       7019.5468   1.5380900e-16
       7021.6466   1.5281700e-16
       7023.7365   1.5482200e-16
       7025.8263   1.5364400e-16
       7027.9161   1.5680700e-16
       7030.0060   1.5668100e-16
       7032.0958   1.5217600e-16
       7034.1857   1.5614900e-16
       7036.2755   1.6093300e-16
       7038.3653   1.5875800e-16
       7040.4552   1.5103600e-16
       7042.5450   1.5778700e-16
       7044.6349   1.5528100e-16
       7046.7248   1.5181800e-16
       7048.8146   1.5249000e-16
       7050.9045   1.5026400e-16
       7052.9943   1.6006800e-16
       7055.0841   1.6091200e-16
       7057.1740   1.6340300e-16
       7059.2638   1.5743000e-16
       7061.3536   1.5476700e-16
       7063.4435   1.5797600e-16
       7065.5333   1.5245700e-16
       7067.6232   1.5190700e-16
       7069.7130   1.5628300e-16
       7071.8028   1.5629000e-16
       7073.8927   1.6047900e-16
       7075.9826   1.5495100e-16
       7078.0724   1.5805000e-16
       7080.1623   1.6089700e-16
       7082.2521   1.6004100e-16
       7084.3519   1.5893300e-16
       7086.4318   1.5539800e-16
       7088.5316   1.5007300e-16
       7090.6215   1.4638100e-16
       7092.7113   1.4925300e-16
       7094.8011   1.5601000e-16
       7096.8911   1.5429300e-16
       7098.9808   1.5371700e-16
       7101.0707   1.5680000e-16
       7103.1606   1.5876800e-16
       7105.2504   1.5743600e-16
       7107.3403   1.5474000e-16
       7109.4301   1.5764900e-16
       7111.5199   1.5629100e-16
       7113.6098   1.5178200e-16
       7115.6996   1.5947000e-16
       7117.7894   1.5734500e-16
       7119.8793   1.4644300e-16
       7121.9691   1.4776200e-16
       7124.0590   1.5072100e-16
       7126.1488   1.5430200e-16
       7128.2387   1.5249600e-16
       7130.3286   1.5378700e-16
       7132.4184   1.5805400e-16
       7134.5082   1.4991300e-16
       7136.5981   1.5345200e-16
       7138.6879   1.5978000e-16
       7140.7777   1.5014800e-16
       7142.8676   1.5335500e-16
       7144.9574   1.4900000e-16
       7147.0473   1.5490200e-16
       7149.1371   1.4646500e-16
       7151.2369   1.4618200e-16
       7153.3269   1.4771000e-16
       7155.4167   1.4625200e-16
       7157.5065   1.4845200e-16
       7159.5964   1.5048100e-16
       7161.6862   1.5165100e-16
       7163.7760   1.5468200e-16
       7165.8659   1.5611500e-16
       7167.9557   1.5034000e-16
       7170.0456   1.4341800e-16
       7172.1354   1.4371700e-16
       7174.2252   1.3823600e-16
       7176.3151   1.3687300e-16
       7178.4049   1.3766100e-16
       7180.4947   1.3753800e-16
       7182.5846   1.3571400e-16
       7184.6745   1.3568400e-16
       7186.7644   1.3566700e-16
       7188.8542   1.3284200e-16
       7190.9440   1.3598900e-16
       7193.0339   1.4443400e-16
       7195.1237   1.4263700e-16
       7197.2135   1.3817800e-16
       7199.3034   1.3501200e-16
       7201.3932   1.4216200e-16
       7203.4831   1.3781000e-16
       7205.5729   1.3828000e-16
       7207.6627   1.3495800e-16
       7209.7526   1.4443400e-16
       7211.8424   1.4906400e-16
       7213.9423   1.4617600e-16
       7216.0322   1.4761800e-16
       7218.1220   1.4828400e-16
       7220.2118   1.4729200e-16
       7222.3017   1.4115500e-16
       7224.3915   1.3838800e-16
       7226.4813   1.3460900e-16
       7228.5712   1.3260600e-16
       7230.6610   1.3332600e-16
       7232.7509   1.2559800e-16
       7234.8407   1.3081500e-16
       7236.9305   1.3929700e-16
       7239.0204   1.3491500e-16
       7241.1102   1.3860500e-16
       7243.2001   1.3730000e-16
       7245.2900   1.3545600e-16
       7247.3798   1.3675300e-16
       7249.4697   1.3284800e-16
       7251.5595   1.3376300e-16
       7253.6493   1.3604500e-16
       7255.7392   1.3878600e-16
       7257.8290   1.3838800e-16
       7259.9188   1.3476000e-16
       7262.0087   1.3973100e-16
       7264.0985   1.3413600e-16
       7266.1884   1.3063500e-16
       7268.2782   1.3503400e-16
       7270.3681   1.3077700e-16
       7272.4579   1.3098900e-16
       7274.5478   1.3113000e-16
       7276.6476   1.2861600e-16
       7278.7375   1.3792600e-16
       7280.8273   1.3632300e-16
       7282.9171   1.3654200e-16
       7285.0070   1.3391600e-16
       7287.0968   1.3173700e-16
       7289.1866   1.3550800e-16
       7291.2765   1.3909400e-16
       7293.3663   1.3493700e-16
       7295.4563   1.3506400e-16
       7297.5460   1.4081000e-16
       7299.6359   1.3886800e-16
       7301.7258   1.3543200e-16
       7303.8156   1.2018700e-16
       7305.9054   1.3101300e-16
       7307.9953   1.3144100e-16
       7310.0851   1.2691200e-16
       7312.1750   1.3220700e-16
       7314.2648   1.3224300e-16
       7316.3546   1.4134600e-16
       7318.4445   1.4344800e-16
       7320.5343   1.4726200e-16
       7322.6241   1.5084100e-16
       7324.7140   1.3324600e-16
       7326.8039   1.3608000e-16
       7328.8938   1.4058600e-16
       7330.9836   1.3774500e-16
       7333.0734   1.4161000e-16
       7335.1633   1.3848200e-16
       7337.2531   1.3974500e-16
       7339.3529   1.4030300e-16
       7341.4428   1.3345300e-16
       7343.5326   1.3343600e-16
       7345.6224   1.2539500e-16
       7347.7123   1.2833400e-16
       7349.8021   1.3067000e-16
       7351.8921   1.2716600e-16
       7353.9819   1.3341800e-16
       7356.0717   1.3379300e-16
       7358.1616   1.3081400e-16
       7360.2514   1.3321200e-16
       7362.3412   1.3806200e-16
       7364.4311   1.3257800e-16
       7366.5209   1.3410100e-16
       7368.6108   1.3795800e-16
       7370.7006   1.3344200e-16
       7372.7904   1.2844600e-16
       7374.8803   1.2721900e-16
       7376.9701   1.3185400e-16
       7379.0599   1.3327100e-16
       7381.1498   1.3354100e-16
       7383.2397   1.2713500e-16
       7385.3296   1.2670100e-16
       7387.4194   1.2822400e-16
       7389.5092   1.2070300e-16
       7391.5991   1.1776300e-16
       7393.6889   1.1219600e-16
       7395.7787   1.1032500e-16
       7397.8686   1.1948200e-16
       7399.9584   1.2424900e-16
       7402.0483   1.2172900e-16
       7404.1481   1.2429800e-16
       7406.2379   1.2919800e-16
       7408.3278   1.3841300e-16
       7410.4177   1.2653800e-16
       7412.5075   1.2676200e-16
       7414.5974   1.2544500e-16
       7416.6872   1.2246500e-16
       7418.7770   1.2065400e-16
       7420.8669   1.1517600e-16
       7422.9567   1.2285900e-16
       7425.0465   1.2208900e-16
       7427.1364   1.1355000e-16
       7429.2262   1.1773800e-16
       7431.3161   1.1999700e-16
       7433.4059   1.1797700e-16
       7435.4957   1.2020700e-16
       7437.5856   1.2413600e-16
       7439.6754   1.2511300e-16
       7441.7653   1.2737100e-16
       7443.8552   1.2327400e-16
       7445.9450   1.2735000e-16
       7448.0349   1.1998800e-16
       7450.1247   1.2245500e-16
       7452.2145   1.2085400e-16
       7454.3044   1.1830200e-16
       7456.3942   1.2429300e-16
       7458.4840   1.2266400e-16
       7460.5739   1.2172400e-16
       7462.6637   1.1877600e-16
       7464.7536   1.2306800e-16
       7466.8535   1.1618900e-16
       7468.9433   1.1329000e-16
       7471.0331   1.1718200e-16
       7473.1230   1.1626300e-16
       7475.2128   1.1847600e-16
       7477.3027   1.2524500e-16
       7479.3925   1.2356300e-16
       7481.4823   1.2688000e-16
       7483.5722   1.2130700e-16
       7485.6620   1.1864300e-16
       7487.7518   1.1793600e-16
       7489.8417   1.1777900e-16
       7491.9315   1.1565400e-16
       7494.0215   1.1184100e-16
       7496.1113   1.1329800e-16
       7498.2011   1.1606300e-16
       7500.2910   1.1165200e-16
       7502.3808   1.1390300e-16
       7504.4706   1.1480000e-16
       7506.5605   1.1918000e-16
       7508.6503   1.1952400e-16
       7510.7402   1.1860900e-16
       7512.8300   1.1271500e-16
       7514.9198   1.0775300e-16
