#58895.14
       3753.4586   2.0520000e-16
       3756.4965   2.1991300e-16
       3759.5344   2.6053400e-16
       3762.5723   1.9268800e-16
       3765.6102   2.3725100e-16
       3768.6481   2.3134100e-16
       3771.6860   2.4318100e-16
       3774.7239   2.4499000e-16
       3777.7618   2.2896700e-16
       3780.7997   2.3712500e-16
       3783.8376   2.3559400e-16
       3786.8755   2.0391600e-16
       3789.9134   2.9422300e-16
       3792.9513   2.4470300e-16
       3795.9892   1.9744900e-16
       3799.0271   1.9805400e-16
       3802.0650   2.8931800e-16
       3805.1029   2.4518200e-16
       3808.1408   2.5587700e-16
       3811.1787   2.8244600e-16
       3814.2166   3.3910800e-16
       3817.2545   3.8711300e-16
       3820.2924   3.3468200e-16
       3823.3303   3.4880200e-16
       3826.3682   3.4081600e-16
       3829.4061   2.7144700e-16
       3832.4440   2.7414200e-16
       3835.4819   2.3846500e-16
       3838.5198   2.5629100e-16
       3841.5577   2.1998000e-16
       3844.5956   3.0544800e-16
       3847.6335   2.6820600e-16
       3850.6714   1.9814900e-16
       3853.7093   2.3901300e-16
       3856.7472   3.0583700e-16
       3859.7851   2.3835300e-16
       3862.8230   2.3865800e-16
       3865.8609   2.5925000e-16
       3868.8988   2.5208800e-16
       3871.9367   2.8638300e-16
       3874.9746   2.5378900e-16
       3878.0125   2.9222500e-16
       3881.0504   2.5745900e-16
       3884.0883   2.6499600e-16
       3887.1262   2.9241300e-16
       3890.1641   2.5710200e-16
       3893.2020   2.3170700e-16
       3896.2399   2.3809600e-16
       3899.2778   2.5240400e-16
       3902.3157   2.3400400e-16
       3905.3536   2.4525500e-16
       3908.3915   2.7411900e-16
       3911.4294   2.4542200e-16
       3914.4673   2.1371500e-16
       3917.5052   2.2357800e-16
       3920.5431   2.6063900e-16
       3923.5810   2.7485100e-16
       3926.6189   2.5686500e-16
       3929.6568   2.4699900e-16
       3932.6947   2.5260200e-16
       3935.7326   2.5712300e-16
       3938.7705   2.5751700e-16
       3941.8084   2.7136200e-16
       3944.8463   2.4304300e-16
       3947.8842   2.4432300e-16
       3950.9221   3.0489500e-16
       3953.9600   2.8242400e-16
       3956.9979   2.6511400e-16
       3960.0358   2.6796400e-16
       3963.0737   2.7959300e-16
       3966.1116   2.5359000e-16
       3969.1495   2.3624000e-16
       3972.1874   2.4205600e-16
       3975.2253   2.7174700e-16
       3978.2632   2.4533400e-16
       3981.3011   2.6704700e-16
       3984.3390   3.0160300e-16
       3987.3769   2.7982100e-16
       3990.4148   2.4534400e-16
       3993.4527   2.7575000e-16
       3996.4906   2.6279900e-16
       3999.5285   2.3100800e-16
       4002.5664   2.6719000e-16
       4005.6043   2.6694000e-16
       4008.6422   2.5126200e-16
       4011.6801   2.7037800e-16
       4014.7180   2.5303200e-16
       4017.7559   2.4067400e-16
       4020.7938   2.6691100e-16
       4023.8317   2.7392600e-16
       4026.8696   2.4506200e-16
       4029.9075   2.1961400e-16
       4032.9454   2.3692200e-16
       4035.9833   2.6653900e-16
       4039.0212   2.4862900e-16
       4042.0591   2.7279800e-16
       4045.0970   2.6840300e-16
       4048.1349   2.8362600e-16
       4051.1728   3.0651000e-16
       4054.2107   2.7412200e-16
       4057.2486   2.4743300e-16
       4060.2865   2.5599200e-16
       4063.3244   2.7833300e-16
       4066.3623   2.8299500e-16
       4069.4002   2.7842500e-16
       4072.4381   3.1740100e-16
       4075.4760   2.8997800e-16
       4078.5139   2.6105100e-16
       4081.5518   3.0448200e-16
       4084.5897   2.8322900e-16
       4087.6276   2.6069300e-16
       4090.6655   2.7574700e-16
       4093.7034   2.4358700e-16
       4096.7413   2.4606200e-16
       4099.7792   2.3302900e-16
       4102.8171   2.7013900e-16
       4105.8550   2.8239500e-16
       4108.8929   2.5891300e-16
       4111.9308   2.7123200e-16
       4114.9687   2.6280200e-16
       4118.0066   2.8724600e-16
       4121.0445   2.4956800e-16
       4124.0824   2.7651700e-16
       4127.1203   2.5040300e-16
       4130.1582   2.5848900e-16
       4133.1961   2.4090400e-16
       4136.2340   2.7273300e-16
       4139.2719   2.6161600e-16
       4142.3098   3.0218000e-16
       4145.3477   2.9925900e-16
       4148.3856   2.8146700e-16
       4151.4235   2.9726100e-16
       4154.4614   2.9003000e-16
       4157.4993   2.9844600e-16
       4160.5372   2.9115600e-16
       4163.5751   3.2226600e-16
       4166.6130   3.0504800e-16
       4169.6509   2.6821900e-16
       4172.6888   2.9243900e-16
       4175.7267   2.7254500e-16
       4178.7646   2.7867400e-16
       4181.8025   2.9598800e-16
       4184.8404   2.9143900e-16
       4187.8783   2.7341200e-16
       4190.9162   2.6775300e-16
       4193.9541   2.8963400e-16
       4196.9920   2.8511800e-16
       4200.0299   2.8553400e-16
       4203.0678   2.9502200e-16
       4206.1057   3.0210800e-16
       4209.1436   3.0377700e-16
       4212.1815   2.9577600e-16
       4215.2194   3.1230600e-16
       4218.2573   3.0208700e-16
       4221.2952   3.1220800e-16
       4224.3331   3.1576300e-16
       4227.3710   2.9083600e-16
       4230.4089   2.8435900e-16
       4233.4468   2.7081100e-16
       4236.4847   2.9615300e-16
       4239.5226   2.7368500e-16
       4242.5605   3.1569500e-16
       4245.5984   2.9422400e-16
       4248.6363   2.7307100e-16
       4251.6742   3.0432000e-16
       4254.7121   2.8329700e-16
       4257.7500   3.1500000e-16
       4260.7879   3.0240700e-16
       4263.8258   3.0399500e-16
       4266.8637   3.2595000e-16
       4269.9016   3.1363700e-16
       4272.9395   3.1629000e-16
       4275.9774   3.1521000e-16
       4279.0153   2.9958800e-16
       4282.0532   3.1166900e-16
       4285.0911   3.1653700e-16
       4288.1290   3.1323100e-16
       4291.1669   3.1075500e-16
       4294.2048   3.1786100e-16
       4297.2427   3.2757000e-16
       4300.2806   3.0536500e-16
       4303.3185   3.1755000e-16
       4306.3564   3.2923200e-16
       4309.3943   3.1486600e-16
       4312.4322   3.3621500e-16
       4315.4701   3.3758900e-16
       4318.5080   3.2027200e-16
       4321.5459   3.3208400e-16
       4324.5838   3.2278600e-16
       4327.6217   3.2261800e-16
       4330.6596   3.1797500e-16
       4333.6975   3.1142300e-16
       4336.7354   3.1730800e-16
       4339.7733   3.3346200e-16
       4342.8112   3.5046700e-16
       4345.8491   3.2470000e-16
       4348.8870   3.2127000e-16
       4351.9249   3.2767900e-16
       4354.9628   3.1947100e-16
       4358.0007   3.4590000e-16
       4361.0386   3.2476300e-16
       4364.0765   3.2526000e-16
       4367.1144   3.2579500e-16
       4370.1523   3.3460100e-16
       4373.1902   3.3750100e-16
       4376.2281   3.4551800e-16
       4379.2660   3.4913300e-16
       4382.3039   3.3059400e-16
       4385.3418   3.4537000e-16
       4388.3797   3.4606300e-16
       4391.4176   3.4567800e-16
       4394.4555   3.5643200e-16
       4397.4934   3.7404300e-16
       4400.5313   3.5600900e-16
       4403.5692   3.4629800e-16
       4406.6071   3.6315700e-16
       4409.6450   3.7574200e-16
       4412.6829   3.7665600e-16
       4415.7208   3.6396600e-16
       4418.7587   3.6685600e-16
       4421.7967   3.6744300e-16
       4424.8346   3.8104200e-16
       4427.8725   3.9981900e-16
       4430.9104   3.6243000e-16
       4433.9483   3.6517600e-16
       4436.9862   3.8080700e-16
       4440.0241   3.7163800e-16
       4443.0620   3.9490800e-16
       4446.0999   4.0352700e-16
       4449.1378   4.0290600e-16
       4452.1757   4.1273000e-16
       4455.2136   4.1458500e-16
       4458.2515   3.9410100e-16
       4461.2894   3.8895500e-16
       4464.3273   3.9726300e-16
       4467.3652   3.8301300e-16
       4470.4031   3.7003400e-16
       4473.4410   3.8605700e-16
       4476.4789   4.0755900e-16
       4479.5168   3.9068600e-16
       4482.5547   4.1577200e-16
       4485.5926   3.8385300e-16
       4488.6305   4.0184400e-16
       4491.6684   3.9333700e-16
       4494.7063   3.8644600e-16
       4497.7442   3.9973400e-16
       4500.7821   4.0468600e-16
       4503.8200   3.9838900e-16
       4506.8579   4.0162900e-16
       4509.8958   4.1582800e-16
       4512.9337   3.9553600e-16
       4515.9716   4.0346700e-16
       4519.0095   4.3201100e-16
       4522.0474   4.0765400e-16
       4525.0853   3.9840300e-16
       4528.1232   4.0717200e-16
       4531.1611   3.8479200e-16
       4534.1990   3.7879900e-16
       4537.2369   4.0609200e-16
       4540.2748   4.0946300e-16
       4543.3127   3.9888900e-16
       4546.3506   4.0855400e-16
       4549.3885   4.1130200e-16
       4552.4264   3.9404100e-16
       4555.4643   3.9218400e-16
       4558.5022   3.9871600e-16
       4561.5401   4.0131100e-16
       4564.5780   4.0263200e-16
       4567.6159   3.8734400e-16
       4570.6538   3.8106500e-16
       4573.6917   4.0581400e-16
       4576.7296   3.9657900e-16
       4579.7675   3.6988400e-16
       4582.8054   3.9476500e-16
       4585.8433   3.9287700e-16
       4588.8812   3.9500300e-16
       4591.9191   3.9129900e-16
       4594.9570   4.0372000e-16
       4597.9949   3.9392400e-16
       4601.0328   3.7126100e-16
       4604.0707   3.8601300e-16
       4607.1086   3.8478900e-16
       4610.1465   3.8296000e-16
       4613.1844   4.0188700e-16
       4616.2223   3.9229200e-16
       4619.2602   3.9006400e-16
       4622.2981   3.9789300e-16
       4625.3360   3.8770200e-16
       4628.3739   3.9243000e-16
       4631.4118   3.7824100e-16
       4634.4497   3.6718200e-16
       4637.4876   3.8017800e-16
       4640.5255   3.9949700e-16
       4643.5634   3.9475800e-16
       4646.6013   3.9441500e-16
       4649.6392   3.9413600e-16
       4652.6771   3.9020700e-16
       4655.7150   3.9964900e-16
       4658.7529   3.8607600e-16
       4661.7908   3.9229400e-16
       4664.8287   4.0353300e-16
       4667.8666   3.9195200e-16
       4670.9045   3.8606100e-16
       4673.9424   4.0754800e-16
       4676.9803   3.8801100e-16
       4680.0182   3.9335700e-16
       4683.0561   3.8422600e-16
       4686.0940   3.7626100e-16
       4689.1319   3.7221200e-16
       4692.1698   3.6274300e-16
       4695.2077   3.8900700e-16
       4698.2456   4.0822500e-16
       4701.2835   3.8757100e-16
       4704.3214   3.6801400e-16
       4707.3593   3.7473200e-16
       4710.3972   3.8286600e-16
       4713.4351   3.8574100e-16
       4716.4730   3.6721900e-16
       4719.5109   3.6260200e-16
       4722.5488   3.6928300e-16
       4725.5867   3.7003800e-16
       4728.6246   3.6258000e-16
       4731.6625   3.7285300e-16
       4734.7004   3.7291200e-16
       4737.7383   3.7133100e-16
       4740.7762   3.6974500e-16
       4743.8141   3.9442900e-16
       4746.8520   3.6278800e-16
       4749.8899   3.5288800e-16
       4752.9278   3.7478100e-16
       4755.9657   3.6438700e-16
       4759.0036   3.6732500e-16
       4762.0415   3.6441500e-16
       4765.0794   3.5560800e-16
       4768.1173   3.6819500e-16
       4771.1552   3.4898500e-16
       4774.1931   3.4931500e-16
       4777.2310   3.5268900e-16
       4780.2689   3.6288000e-16
       4783.3068   3.3998300e-16
       4786.3447   3.4761700e-16
       4789.3826   3.4611700e-16
       4792.4205   3.6708300e-16
       4795.4584   3.6580600e-16
       4798.4963   3.5045000e-16
       4801.5342   3.6448200e-16
       4804.5721   3.6927300e-16
       4807.6100   3.5708400e-16
       4810.6479   3.6736600e-16
       4813.6858   3.6164200e-16
       4816.7237   3.4451200e-16
       4819.7616   3.5596600e-16
       4822.7995   3.8808500e-16
       4825.8374   3.7025500e-16
       4828.8753   3.5424700e-16
       4831.9132   3.5480200e-16
       4834.9511   3.6490800e-16
       4837.9890   3.6945400e-16
       4841.0269   3.5717700e-16
       4844.0648   3.5632100e-16
       4847.1027   3.6970500e-16
       4850.1406   3.6054900e-16
       4853.1785   3.5582600e-16
       4856.2164   3.5668200e-16
       4859.2543   3.7409900e-16
       4862.2922   3.5401700e-16
       4865.3301   3.4973100e-16
       4868.3680   3.6155300e-16
       4871.4059   3.7044800e-16
       4874.4438   3.6848000e-16
       4877.4817   3.4488100e-16
       4880.5196   3.5765000e-16
       4883.5575   3.5178600e-16
       4886.5954   3.5593400e-16
       4889.6333   3.5892800e-16
       4892.6712   3.5861900e-16
       4895.7091   3.4324000e-16
       4898.7470   3.4875300e-16
       4901.7849   3.6722400e-16
       4904.8228   3.5572200e-16
       4907.8607   3.4959100e-16
       4910.8986   3.7491200e-16
       4913.9365   3.6437200e-16
       4916.9744   3.7084700e-16
       4920.0123   3.6157100e-16
       4923.0502   3.6307000e-16
       4926.0881   3.6269800e-16
       4929.1260   3.6698100e-16
       4932.1639   3.6270400e-16
       4935.2018   3.5623600e-16
       4938.2397   3.7025700e-16
       4941.2776   3.7617700e-16
       4944.3155   3.7046500e-16
       4947.3534   3.6507600e-16
       4950.3913   3.7085000e-16
       4953.4292   3.6735240e-16
       4956.4671   3.6848334e-16
       4959.5050   3.6961427e-16
       4962.5429   3.7074521e-16
       4965.5808   3.7187614e-16
       4968.6187   3.7300708e-16
       4971.6566   3.7413801e-16
       4974.6945   3.7526895e-16
       4977.7324   3.7639988e-16
       4980.7703   3.7753082e-16
       4983.8082   3.7866175e-16
       4986.8461   3.7979269e-16
       4989.8840   3.8092362e-16
       4992.9219   3.8205456e-16
       4995.9598   3.8318549e-16
       4998.9977   3.8431643e-16
       5002.0356   3.8544736e-16
       5005.0735   3.8657830e-16
       5008.1114   3.8770923e-16
       5011.1493   4.0129600e-16
       5014.1872   3.9129100e-16
       5017.2251   3.7571800e-16
       5020.2630   3.8845900e-16
       5023.3009   4.0086200e-16
       5026.3388   3.8946700e-16
       5029.3767   3.8908100e-16
       5032.4146   4.0979000e-16
       5035.4525   3.9361600e-16
       5038.4904   3.9821800e-16
       5041.5283   4.0027500e-16
       5044.5662   4.0248000e-16
       5047.6041   4.1774400e-16
       5050.6420   4.2870000e-16
       5053.6799   4.2706900e-16
       5056.7178   4.1943749e-16
       5059.7557   4.2179893e-16
       5062.7936   4.2416037e-16
       5065.8315   4.2652182e-16
       5068.8694   4.2888326e-16
       5071.9073   4.3124470e-16
       5074.9452   4.3360614e-16
       5077.9831   4.3596759e-16
       5081.0210   4.3832903e-16
       5084.0589   4.4069047e-16
       5087.0968   4.4305191e-16
       5090.1347   4.4541336e-16
       5093.1726   4.4777480e-16
       5096.2105   4.5013624e-16
       5099.2484   4.5249768e-16
       5102.2864   4.5485913e-16
       5105.3243   4.5218800e-16
       5108.3622   4.4503100e-16
       5111.4001   4.7127448e-16
       5114.4380   4.7208358e-16
       5117.4759   4.7289269e-16
       5120.5138   4.7370180e-16
       5123.5517   4.7451090e-16
       5126.5896   4.7532001e-16
       5129.6275   4.7612912e-16
       5132.6654   4.7693823e-16
       5135.7033   4.7774733e-16
       5138.7412   4.7855644e-16
       5141.7791   4.7936555e-16
       5144.8170   4.8017465e-16
       5147.8549   4.8098376e-16
       5150.8928   4.7681400e-16
       5153.9307   4.8032000e-16
       5156.9686   4.6983800e-16
       5160.0065   4.8205300e-16
       5163.0444   4.9653500e-16
       5166.0823   4.8918400e-16
       5169.1202   4.8933800e-16
       5172.1581   4.8894700e-16
       5175.1960   4.8665300e-16
       5178.2339   5.0330300e-16
       5181.2718   4.8952800e-16
       5184.3097   4.7544700e-16
       5187.3476   5.0019200e-16
       5190.3855   5.1359000e-16
       5193.4234   5.2006200e-16
       5196.4613   5.2082800e-16
       5199.4992   5.2107500e-16
       5202.5371   5.2258000e-16
       5205.5750   5.1378500e-16
       5208.6129   5.1387600e-16
       5211.6508   5.1895800e-16
       5214.6887   5.2814800e-16
       5217.7266   5.3175900e-16
       5220.7645   5.2867400e-16
       5223.8024   5.3374000e-16
       5226.8403   5.3042600e-16
       5229.8782   5.2595400e-16
       5232.9161   5.3731200e-16
       5235.9540   5.3766900e-16
       5238.9919   5.3899400e-16
       5242.0298   5.4116500e-16
       5245.0677   5.3678000e-16
       5248.1056   5.4051200e-16
       5251.1435   5.4998300e-16
       5254.1814   5.4011000e-16
       5257.2193   5.3784900e-16
       5260.2572   5.5934400e-16
       5263.2951   5.4459400e-16
       5266.3330   5.4663000e-16
       5269.3709   5.5534800e-16
       5272.4088   5.6368600e-16
       5275.4467   5.4973200e-16
       5278.4846   5.3759000e-16
       5281.5225   5.5178000e-16
       5284.5604   5.5443700e-16
       5287.5983   5.5002700e-16
       5290.6362   5.6132500e-16
       5293.6741   5.5795300e-16
       5296.7120   5.6251700e-16
       5299.7499   5.6258400e-16
       5302.7878   5.5559000e-16
       5305.8257   5.6282000e-16
       5308.8636   5.7336500e-16
       5311.9015   5.6380100e-16
       5314.9394   5.6280500e-16
       5317.9773   5.5135400e-16
       5321.0152   5.6229000e-16
       5324.0531   5.5495300e-16
       5327.0910   5.5906400e-16
       5330.1289   5.6885700e-16
       5333.1668   5.6774900e-16
       5336.2047   5.7074400e-16
       5339.2426   5.5496300e-16
       5342.2805   5.6569100e-16
       5345.3184   5.5437400e-16
       5348.3563   5.6512700e-16
       5351.3942   5.6978900e-16
       5354.4321   5.6537700e-16
       5357.4700   5.7397900e-16
       5360.5079   5.7454600e-16
       5363.5458   5.6986300e-16
       5366.5837   5.8223100e-16
       5369.6216   5.7666800e-16
       5372.6595   5.7354400e-16
       5375.6974   5.5564500e-16
       5378.7353   5.5122200e-16
       5381.7732   5.5801400e-16
       5384.8111   5.5644900e-16
       5387.8490   5.5987800e-16
       5390.8869   5.7734500e-16
       5393.9248   5.7437600e-16
       5396.9627   5.6352500e-16
       5400.0006   5.5525300e-16
       5403.0385   5.6113100e-16
       5406.0764   5.6849000e-16
       5409.1143   5.7293500e-16
       5412.1522   5.7222600e-16
       5415.1901   5.6962300e-16
       5418.2280   5.6276300e-16
       5421.2659   5.5206700e-16
       5424.3038   5.5193100e-16
       5427.3417   5.4868100e-16
       5430.3796   5.5739700e-16
       5433.4175   5.7426000e-16
       5436.4554   5.6394600e-16
       5439.4933   5.5373100e-16
       5442.5312   5.5067700e-16
       5445.5691   5.4522700e-16
       5448.6070   5.4864600e-16
       5451.6449   5.5235900e-16
       5454.6828   5.5178300e-16
       5457.7207   5.4331600e-16
       5460.7586   5.4289400e-16
       5463.7965   5.5201400e-16
       5466.8344   5.3040600e-16
       5469.8723   5.4310700e-16
       5472.9102   5.4965200e-16
       5475.9481   5.6303900e-16
       5478.9860   5.4784500e-16
       5482.0239   5.2260600e-16
       5485.0618   5.4578500e-16
       5488.0997   5.3593400e-16
       5491.1376   5.4453200e-16
       5494.1755   5.2296500e-16
       5497.2134   5.2042500e-16
       5500.2513   5.1817300e-16
       5503.2892   5.0931900e-16
       5506.3271   5.1467800e-16
       5509.3650   5.3196200e-16
       5512.4029   5.2040100e-16
       5515.4408   5.1099200e-16
       5518.4787   5.1629400e-16
       5521.5166   5.0829900e-16
       5524.5545   5.1767700e-16
       5527.5924   5.1927200e-16
       5530.6303   5.0324300e-16
       5533.6682   5.2036200e-16
       5536.7061   5.1005900e-16
       5539.7440   5.0457000e-16
       5542.7819   5.1544000e-16
       5545.8198   5.0290400e-16
       5548.8577   4.7937600e-16
       5551.8956   4.8219600e-16
       5554.9335   4.9870200e-16
       5557.9714   4.9011100e-16
       5561.0093   4.9250400e-16
       5564.0472   4.9113300e-16
       5567.0851   4.9110400e-16
       5570.1230   4.9224100e-16
       5573.1609   4.7162500e-16
       5576.1988   4.5994000e-16
       5579.2367   4.8369500e-16
       5582.2746   4.7068800e-16
       5585.3125   4.7931800e-16
       5588.3504   4.6511600e-16
       5591.3883   4.5940200e-16
       5594.4262   4.6220900e-16
       5597.4641   4.7253100e-16
       5600.5020   4.6984700e-16
       5603.5399   4.5536000e-16
       5606.5778   4.7162900e-16
       5609.6157   4.5250300e-16
       5612.6536   4.6667300e-16
       5615.6915   4.7112500e-16
       5618.7294   4.6199600e-16
       5621.7673   4.6427400e-16
       5624.8052   4.6064400e-16
       5627.8431   4.5903900e-16
       5630.8810   4.4905300e-16
       5633.9189   4.5751000e-16
       5636.9568   4.5956400e-16
       5639.9947   4.5587200e-16
       5643.0326   4.4495800e-16
       5646.0705   4.4200000e-16
       5649.1084   4.5420100e-16
       5652.1463   4.5395500e-16
       5655.1842   4.6093400e-16
       5658.2221   4.6260200e-16
       5661.2600   4.5204400e-16
       5664.2979   4.4866100e-16
       5667.3358   4.4658000e-16
       5670.3737   4.4512100e-16
       5673.4116   4.5035400e-16
       5676.4495   4.4188600e-16
       5679.4874   4.3223400e-16
       5682.5253   4.3518000e-16
       5685.5632   4.4122400e-16
       5688.6011   4.3688500e-16
       5691.6390   4.2860500e-16
       5694.6769   4.3738600e-16
       5697.7148   4.3049900e-16
       5700.7527   4.2173500e-16
       5703.7906   4.2618900e-16
       5706.8285   4.3178400e-16
       5709.8664   4.3541400e-16
       5712.9043   4.3506000e-16
       5715.9422   4.3405100e-16
       5718.9801   4.3027500e-16
       5722.0180   4.3103000e-16
       5725.0559   4.2774100e-16
       5728.0938   4.2100300e-16
       5731.1317   4.2454300e-16
       5734.1696   4.3328300e-16
       5737.2075   4.2425900e-16
       5740.2454   4.1508900e-16
       5743.2833   4.1643200e-16
       5746.3212   4.1595100e-16
       5749.3591   4.0274400e-16
       5752.3970   4.1307700e-16
       5755.4349   4.2881100e-16
       5758.4728   4.1217500e-16
       5761.5107   3.9475100e-16
       5764.5486   4.1673200e-16
       5767.5865   4.1911700e-16
       5770.6244   4.1559000e-16
       5773.6623   4.1583000e-16
       5776.7002   4.1847700e-16
       5779.7382   4.0925600e-16
       5782.7761   4.1017500e-16
       5785.8140   4.2300600e-16
       5788.8519   4.1455500e-16
       5791.8898   4.0776800e-16
       5794.9277   4.0588600e-16
       5797.9656   4.1101400e-16
       5801.0035   4.0947200e-16
       5804.0414   4.1380700e-16
       5807.0793   4.0672100e-16
       5810.1172   3.9298800e-16
       5813.1551   3.9125100e-16
       5816.1930   3.9615300e-16
       5819.2309   3.9258800e-16
       5822.2688   3.8858200e-16
       5825.3067   3.8742000e-16
       5828.3446   3.9704100e-16
       5831.3825   4.0268400e-16
       5834.4204   3.8125900e-16
       5837.4583   3.9555700e-16
       5840.4962   3.9775400e-16
       5843.5341   3.8469000e-16
       5846.5720   3.7866600e-16
       5849.6099   3.8358100e-16
       5852.6478   3.8198400e-16
       5855.6857   3.6990000e-16
       5858.7236   3.8531300e-16
       5861.7615   3.8949500e-16
       5864.7994   3.9462100e-16
       5867.8373   4.0504800e-16
       5870.8752   3.9935900e-16
       5873.9131   3.8125100e-16
       5876.9510   3.6936300e-16
       5879.9889   3.7590500e-16
       5883.0268   3.8100100e-16
       5886.0647   3.8582000e-16
       5889.1026   3.8131400e-16
       5892.1405   3.8234700e-16
       5895.1784   3.7627500e-16
       5898.2163   3.6857300e-16
       5901.2542   3.7800200e-16
       5904.2921   3.6877400e-16
       5907.3300   3.6256500e-16
       5910.3679   3.6803700e-16
       5913.4058   3.7977100e-16
       5916.4437   3.8104300e-16
       5919.4816   3.7320800e-16
       5922.5195   3.7973200e-16
       5925.5574   3.6099100e-16
       5928.5953   3.6877000e-16
       5931.6332   3.7600400e-16
       5934.6711   3.6632900e-16
       5937.7090   3.7271900e-16
       5940.7469   3.6844200e-16
       5943.7848   3.6257400e-16
       5946.8227   3.7316600e-16
       5949.8606   3.8231500e-16
       5952.8985   3.6572100e-16
       5955.9364   3.6287300e-16
       5958.9743   3.7535000e-16
       5962.0122   3.6513100e-16
       5965.0501   3.6021500e-16
       5968.0880   3.6673500e-16
       5971.1259   3.5447100e-16
       5974.1638   3.5020500e-16
       5977.2017   3.5841600e-16
       5980.2396   3.5807900e-16
       5983.2775   3.5751000e-16
       5986.3154   3.6085100e-16
       5989.3533   3.5590500e-16
       5992.3912   3.6057300e-16
       5995.4291   3.5312700e-16
       5998.4670   3.4617500e-16
       6001.5049   3.4868400e-16
       6004.5428   3.3493200e-16
       6007.5807   3.3741000e-16
       6010.6186   3.6019100e-16
       6013.6565   3.4779300e-16
       6016.6944   3.4283600e-16
       6019.7323   3.5424400e-16
       6022.7702   3.5790900e-16
       6025.8081   3.6474700e-16
       6028.8460   3.7503800e-16
       6031.8839   3.5805700e-16
       6034.9218   3.4084500e-16
       6037.9597   3.3408400e-16
       6040.9976   3.2888900e-16
       6044.0355   3.3845000e-16
       6047.0734   3.4088600e-16
       6050.1113   3.3867800e-16
       6053.1492   3.3277900e-16
       6056.1871   3.2781800e-16
       6059.2250   3.3788400e-16
       6062.2629   3.5007400e-16
       6065.3008   3.3439400e-16
       6068.3387   3.3104800e-16
       6071.3766   3.4316700e-16
       6074.4145   3.3706700e-16
       6077.4524   3.2664100e-16
       6080.4903   3.3414400e-16
       6083.5282   3.3293800e-16
       6086.5661   3.2778900e-16
       6089.6040   3.3686300e-16
       6092.6419   3.3934500e-16
       6095.6798   3.3916500e-16
       6098.7177   3.3993100e-16
       6101.7556   3.3670800e-16
       6104.7935   3.4067800e-16
       6107.8314   3.4743000e-16
       6110.8693   3.4097000e-16
       6113.9072   3.3216500e-16
       6116.9451   3.6089200e-16
       6119.9830   3.4462100e-16
       6123.0209   3.3210900e-16
       6126.0588   3.6030600e-16
       6129.0967   3.6101300e-16
       6132.1346   3.4154900e-16
       6135.1725   3.4095000e-16
       6138.2104   3.5327400e-16
       6141.2483   3.3825300e-16
       6144.2862   3.3826000e-16
       6147.3241   3.4873700e-16
       6150.3620   3.3489500e-16
       6153.3999   3.5077100e-16
       6156.4378   3.3927300e-16
       6159.4757   3.5572400e-16
       6162.5136   3.5572800e-16
       6165.5515   3.4666500e-16
       6168.5894   3.5025500e-16
       6171.6273   3.3340100e-16
       6174.6652   3.4607400e-16
       6177.7031   3.4244600e-16
       6180.7410   3.4575300e-16
       6183.7789   3.4718200e-16
       6186.8168   3.4467200e-16
       6189.8547   3.5042800e-16
       6192.8926   3.6594600e-16
       6195.9305   3.5127700e-16
       6198.9684   3.5012300e-16
       6202.0063   3.4449000e-16
       6205.0442   3.3612500e-16
       6208.0821   3.3660600e-16
       6211.1200   3.3721400e-16
       6214.1579   3.4326800e-16
       6217.1958   3.3261900e-16
       6220.2337   3.5241000e-16
       6223.2716   3.5469000e-16
       6226.3095   3.4366400e-16
       6229.3474   3.5156900e-16
       6232.3853   3.4365500e-16
       6235.4232   3.4629300e-16
       6238.4611   3.5021700e-16
       6241.4990   3.5074800e-16
       6244.5369   3.5185600e-16
       6247.5748   3.5627100e-16
       6250.6127   3.5461200e-16
       6253.6506   3.4593700e-16
       6256.6885   3.5561900e-16
       6259.7264   3.5746000e-16
       6262.7643   3.4991600e-16
       6265.8022   3.4921200e-16
       6268.8401   3.4695300e-16
       6271.8780   3.3782700e-16
       6274.9159   3.2682600e-16
       6277.9538   3.4517600e-16
       6280.9917   3.3552900e-16
       6284.0296   3.2691300e-16
       6287.0675   3.3116400e-16
       6290.1054   3.4011500e-16
       6293.1433   3.4118900e-16
       6296.1812   3.4300600e-16
       6299.2191   3.5565100e-16
       6302.2570   3.5002600e-16
       6305.2949   3.4323100e-16
       6308.3328   3.3777500e-16
       6311.3707   3.4466300e-16
       6314.4086   3.4347800e-16
       6317.4465   3.4028300e-16
       6320.4844   3.3758700e-16
       6323.5223   3.4630000e-16
       6326.5602   3.4758900e-16
       6329.5981   3.4506200e-16
       6332.6360   3.4962100e-16
       6335.6739   3.4288800e-16
       6338.7118   3.6295400e-16
       6341.7497   3.6217200e-16
       6344.7876   3.6309200e-16
       6347.8255   3.6574100e-16
       6350.8634   3.5512700e-16
       6353.9013   3.5467100e-16
       6356.9392   3.7011400e-16
       6359.9771   3.4380100e-16
       6363.0150   3.5252300e-16
       6366.0529   3.6513700e-16
       6369.0908   3.6036000e-16
       6372.1287   3.7401800e-16
       6375.1666   3.7589700e-16
       6378.2045   3.6203200e-16
       6381.2424   3.5960900e-16
       6384.2803   3.5773600e-16
       6387.3182   3.5579100e-16
       6390.3561   3.6349700e-16
       6393.3940   3.6233500e-16
       6396.4319   3.6189100e-16
       6399.4698   3.6744300e-16
       6402.5077   3.6619200e-16
       6405.5456   3.6190500e-16
       6408.5835   3.6538600e-16
       6411.6214   3.6798200e-16
       6414.6593   3.6109700e-16
       6417.6972   3.5895100e-16
       6420.7351   3.5098000e-16
       6423.7730   3.6243200e-16
       6426.8109   3.6960400e-16
       6429.8488   3.6284100e-16
       6432.8867   3.7648600e-16
       6435.9246   3.7505800e-16
       6438.9625   3.5232900e-16
       6442.0004   3.6619100e-16
       6445.0383   3.8602500e-16
       6448.0762   3.7852000e-16
       6451.1141   3.6937000e-16
       6454.1520   3.7125900e-16
       6457.1900   3.7404900e-16
       6460.2279   3.8763500e-16
       6463.2658   3.8131400e-16
       6466.3037   3.7134800e-16
       6469.3416   3.7793300e-16
       6472.3795   3.7652000e-16
       6475.4174   3.8731300e-16
       6478.4553   3.8764800e-16
       6481.4932   3.7960100e-16
       6484.5311   3.7194900e-16
       6487.5690   3.7625000e-16
       6490.6069   3.8160800e-16
       6493.6448   3.7425200e-16
       6496.6827   3.7689100e-16
       6499.7206   3.6833700e-16
       6502.7585   3.7586700e-16
       6505.7964   3.8028700e-16
       6508.8343   3.6879900e-16
       6511.8722   3.8439600e-16
       6514.9101   3.7522800e-16
       6517.9480   3.5628100e-16
       6520.9859   3.7237200e-16
       6524.0238   3.9100900e-16
       6527.0617   3.9090900e-16
       6530.0996   3.7669200e-16
       6533.1375   3.6730100e-16
       6536.1754   3.8235400e-16
       6539.2133   3.9033500e-16
       6542.2512   3.7762300e-16
       6545.2891   3.7764800e-16
       6548.3270   3.8505100e-16
       6551.3649   3.7998600e-16
       6554.4028   3.8714200e-16
       6557.4407   3.9774800e-16
       6560.4786   3.8292600e-16
       6563.5165   3.6947300e-16
       6566.5544   3.7713600e-16
       6569.5923   3.7514600e-16
       6572.6302   3.7511500e-16
       6575.6681   3.7670900e-16
       6578.7060   3.7554300e-16
       6581.7439   3.7743400e-16
       6584.7818   3.8357700e-16
       6587.8197   3.7681700e-16
       6590.8576   3.7753300e-16
       6593.8955   3.7809100e-16
       6596.9334   3.7264900e-16
       6599.9713   3.7812900e-16
       6603.0092   3.7878600e-16
       6606.0471   3.7340900e-16
       6609.0850   3.8054400e-16
       6612.1229   3.7593200e-16
       6615.1608   3.8252000e-16
       6618.1987   3.8754300e-16
       6621.2366   3.9063100e-16
       6624.2745   3.8879300e-16
       6627.3124   3.8043700e-16
       6630.3503   3.7457800e-16
       6633.3882   3.7877100e-16
       6636.4261   3.7048600e-16
       6639.4640   3.6942700e-16
       6642.5019   3.6899800e-16
       6645.5398   3.6095400e-16
       6648.5777   3.6113400e-16
       6651.6156   3.7412400e-16
       6654.6535   3.7376600e-16
       6657.6914   3.7136700e-16
       6660.7293   3.6871600e-16
       6663.7672   3.6590400e-16
       6666.8051   3.6426800e-16
       6669.8430   3.6497200e-16
       6672.8809   3.8014700e-16
       6675.9188   3.6653100e-16
       6678.9567   3.5228900e-16
       6681.9946   3.5292800e-16
       6685.0325   3.5503000e-16
       6688.0704   3.6936200e-16
       6691.1083   3.5287700e-16
       6694.1462   3.6747548e-16
       6697.1841   3.6716875e-16
       6700.2220   3.6686202e-16
       6703.2599   3.6655530e-16
       6706.2978   3.6624857e-16
       6709.3357   3.6594185e-16
       6712.3736   3.6563512e-16
       6715.4115   3.6532840e-16
       6718.4494   3.6502167e-16
       6721.4873   3.6471494e-16
       6724.5252   3.6440822e-16
       6727.5631   3.6410149e-16
       6730.6010   3.6379477e-16
       6733.6389   3.6348804e-16
       6736.6768   3.6318132e-16
       6739.7147   3.6287459e-16
       6742.7526   3.6256786e-16
       6745.7905   3.6226114e-16
       6748.8284   3.6195441e-16
       6751.8663   3.6164769e-16
       6754.9042   3.6134096e-16
       6757.9421   3.5356400e-16
       6760.9800   3.4092900e-16
       6764.0179   3.4887500e-16
       6767.0558   3.5754300e-16
       6770.0937   3.5328700e-16
       6773.1316   3.5131800e-16
       6776.1695   3.5143100e-16
       6779.2074   3.4887500e-16
       6782.2453   3.5209600e-16
       6785.2832   3.3819600e-16
       6788.3211   3.4781400e-16
       6791.3590   3.4403500e-16
       6794.3969   3.3556200e-16
       6797.4348   3.4506000e-16
       6800.4727   3.4754000e-16
       6803.5106   3.4407300e-16
       6806.5485   3.4413500e-16
       6809.5864   3.4532700e-16
       6812.6243   3.3548700e-16
       6815.6622   3.2901900e-16
       6818.7001   3.4313000e-16
       6821.7380   3.3353200e-16
       6824.7759   3.2755000e-16
       6827.8138   3.1846800e-16
       6830.8517   3.2560900e-16
       6833.8896   3.3679200e-16
       6836.9275   3.2537200e-16
       6839.9654   3.2228100e-16
       6843.0033   3.1783800e-16
       6846.0412   3.1805700e-16
       6849.0791   3.3187900e-16
       6852.1170   3.3598900e-16
       6855.1549   3.2132800e-16
       6858.1928   3.1692400e-16
       6861.2307   3.1257000e-16
       6864.2686   3.1926900e-16
       6867.3065   3.1750400e-16
       6870.3444   3.2023900e-16
       6873.3823   3.2484700e-16
       6876.4202   3.1029100e-16
       6879.4581   3.0793600e-16
       6882.4960   3.2108300e-16
       6885.5339   3.1275100e-16
       6888.5718   3.1461900e-16
       6891.6097   3.2759900e-16
       6894.6476   3.1649300e-16
       6897.6855   3.0172000e-16
       6900.7234   3.2104000e-16
       6903.7613   3.3281100e-16
       6906.7992   3.0745500e-16
       6909.8371   2.8940300e-16
       6912.8750   3.0269700e-16
       6915.9129   2.9956100e-16
       6918.9508   2.9851400e-16
       6921.9887   3.0189800e-16
       6925.0266   3.0581000e-16
       6928.0645   3.0721500e-16
       6931.1024   3.1466000e-16
       6934.1403   3.0701700e-16
       6937.1782   2.9547700e-16
       6940.2161   2.9592300e-16
       6943.2540   2.9893300e-16
       6946.2919   3.0024000e-16
       6949.3298   3.0128000e-16
       6952.3677   2.9666000e-16
       6955.4056   2.9213500e-16
       6958.4435   2.9296100e-16
       6961.4814   2.9721600e-16
       6964.5193   2.9421800e-16
       6967.5572   2.8996100e-16
       6970.5951   2.9238200e-16
       6973.6330   2.9942000e-16
       6976.6709   2.8568000e-16
       6979.7088   2.8125100e-16
       6982.7467   2.9593600e-16
       6985.7846   2.8957900e-16
       6988.8225   2.7389200e-16
       6991.8604   2.8523000e-16
       6994.8983   2.8285600e-16
       6997.9362   2.7570300e-16
       7000.9741   2.8288900e-16
       7004.0120   2.8473800e-16
       7007.0499   2.7627800e-16
       7010.0878   2.9265200e-16
       7013.1257   2.9827000e-16
       7016.1636   2.8580500e-16
       7019.2015   2.7787600e-16
       7022.2394   2.8507000e-16
       7025.2773   2.7668100e-16
       7028.3152   2.6697300e-16
       7031.3531   2.6929600e-16
       7034.3910   2.7310100e-16
       7037.4289   2.7337400e-16
       7040.4668   2.7256800e-16
       7043.5047   2.6845500e-16
       7046.5426   2.5643200e-16
       7049.5805   2.6309300e-16
       7052.6184   2.6414000e-16
       7055.6563   2.6196200e-16
       7058.6942   2.6672100e-16
       7061.7321   2.6509900e-16
       7064.7700   2.5121400e-16
       7067.8079   2.5624500e-16
       7070.8458   2.6784400e-16
       7073.8837   2.5849300e-16
       7076.9216   2.4619400e-16
       7079.9595   2.4787900e-16
       7082.9974   2.4881700e-16
       7086.0353   2.5955500e-16
       7089.0732   2.4840100e-16
       7092.1111   2.4410100e-16
       7095.1490   2.5394200e-16
       7098.1869   2.4387900e-16
       7101.2248   2.3868000e-16
       7104.2627   2.5671000e-16
       7107.3006   2.5465600e-16
       7110.3385   2.4700600e-16
       7113.3764   2.5025200e-16
       7116.4143   2.5200400e-16
       7119.4522   2.4080200e-16
       7122.4901   2.5158500e-16
       7125.5280   2.5041100e-16
       7128.5659   2.4834000e-16
       7131.6038   2.5684200e-16
       7134.6417   2.5064800e-16
       7137.6797   2.5540400e-16
       7140.7176   2.4808000e-16
       7143.7555   2.4358700e-16
       7146.7934   2.4705900e-16
       7149.8313   2.5008700e-16
       7152.8692   2.4504200e-16
       7155.9071   2.3865100e-16
       7158.9450   2.4238400e-16
       7161.9829   2.3324500e-16
       7165.0208   2.3497100e-16
       7168.0587   2.4091300e-16
       7171.0966   2.4269500e-16
       7174.1345   2.4905700e-16
       7177.1724   2.4693100e-16
       7180.2103   2.3915400e-16
       7183.2482   2.3907100e-16
       7186.2861   2.3855900e-16
       7189.3240   2.3573300e-16
       7192.3619   2.2800500e-16
       7195.3998   2.2623900e-16
       7198.4377   2.2519700e-16
       7201.4756   2.3066500e-16
       7204.5135   2.2918500e-16
       7207.5514   2.2798500e-16
       7210.5893   2.2088100e-16
       7213.6272   2.3159200e-16
       7216.6651   2.3306900e-16
       7219.7030   2.2838500e-16
       7222.7409   2.2346900e-16
       7225.7788   2.2102800e-16
       7228.8167   2.3164900e-16
       7231.8546   2.4466600e-16
       7234.8925   2.4307200e-16
       7237.9304   2.4203700e-16
       7240.9683   2.4052000e-16
       7244.0062   2.2703400e-16
       7247.0441   2.2214200e-16
       7250.0820   2.4026200e-16
       7253.1199   2.3918100e-16
       7256.1578   2.1876600e-16
       7259.1957   2.1656900e-16
       7262.2336   2.2589100e-16
       7265.2715   2.1943000e-16
       7268.3094   2.2521700e-16
       7271.3473   2.4600600e-16
       7274.3852   2.3830900e-16
       7277.4231   2.1713000e-16
       7280.4610   2.2961700e-16
       7283.4989   2.2665100e-16
       7286.5368   2.1511500e-16
       7289.5747   2.1885200e-16
       7292.6126   2.3011300e-16
       7295.6505   2.3089900e-16
       7298.6884   2.1801000e-16
       7301.7263   2.1928900e-16
       7304.7642   2.1726900e-16
       7307.8021   1.9838400e-16
       7310.8400   2.0545500e-16
       7313.8779   2.1804200e-16
       7316.9158   1.9652700e-16
       7319.9537   2.0904200e-16
       7322.9916   1.9190100e-16
       7326.0295   1.8768400e-16
       7329.0674   2.0080800e-16
       7332.1053   2.0639100e-16
       7335.1432   2.1257800e-16
       7338.1811   2.0623400e-16
       7341.2190   1.9769900e-16
       7344.2569   1.9557900e-16
       7347.2948   2.0815900e-16
       7350.3327   2.1011900e-16
       7353.3706   1.9368000e-16
       7356.4085   2.0811200e-16
       7359.4464   2.1469300e-16
       7362.4843   1.8961800e-16
       7365.5222   1.8746700e-16
       7368.5601   2.0618400e-16
       7371.5980   1.8533900e-16
       7374.6359   1.8478100e-16
       7377.6738   1.9441500e-16
       7380.7117   1.9436600e-16
       7383.7496   1.8598600e-16
       7386.7875   1.8543200e-16
       7389.8254   1.9302900e-16
       7392.8633   1.9393800e-16
       7395.9012   1.8603100e-16
       7398.9391   1.8782700e-16
       7401.9770   1.9552700e-16
       7405.0149   1.9966100e-16
       7408.0528   1.9863100e-16
       7411.0907   1.9322600e-16
       7414.1286   1.9023300e-16
       7417.1665   1.8843200e-16
       7420.2044   1.8817400e-16
       7423.2423   1.8789800e-16
       7426.2802   1.8540500e-16
       7429.3181   1.7694000e-16
       7432.3560   1.8027300e-16
       7435.3939   1.8218300e-16
       7438.4318   1.7332800e-16
       7441.4697   1.7955900e-16
       7444.5076   1.8197100e-16
       7447.5455   1.6902400e-16
       7450.5834   1.6587600e-16
       7453.6213   1.7067200e-16
       7456.6592   1.7921800e-16
       7459.6971   1.8144500e-16
       7462.7350   1.7237300e-16
       7465.7729   1.5930500e-16
       7468.8108   1.6407500e-16
       7471.8487   1.6754600e-16
       7474.8866   1.6946900e-16
       7477.9245   1.7041600e-16
       7480.9624   1.7083900e-16
       7484.0003   1.6776400e-16
       7487.0382   1.7026300e-16
       7490.0761   1.7064500e-16
       7493.1140   1.6856200e-16
       7496.1519   1.7412300e-16
       7499.1898   1.7892300e-16
       7502.2277   1.6958600e-16
       7505.2656   1.6312500e-16
       7508.3035   1.6772900e-16
       7511.3414   1.7828000e-16
       7514.3793   1.7249100e-16
       7517.4172   1.5670500e-16
       7520.4551   1.6436800e-16
       7523.4930   1.7516400e-16
       7526.5309   1.7196700e-16
       7529.5688   1.7301200e-16
       7532.6067   1.6438900e-16
       7535.6446   1.7668300e-16
       7538.6825   1.7572500e-16
       7541.7204   1.7573200e-16
       7544.7583   1.8357400e-16
       7547.7962   1.7684600e-16
       7550.8341   1.6505700e-16
       7553.8720   1.7605800e-16
       7556.9099   1.7715500e-16
       7559.9478   1.7103500e-16
       7562.9857   1.6934700e-16
       7566.0236   1.7117500e-16
       7569.0615   1.5561700e-16
       7572.0994   1.6227900e-16
       7575.1373   1.7093800e-16
       7578.1752   1.5979300e-16
       7581.2131   1.5292600e-16
       7584.2510   1.6165300e-16
       7587.2889   1.4682500e-16
       7590.3268   1.2743700e-16
       7593.3647   1.3339700e-16
       7596.4026   1.6213100e-16
       7599.4405   1.6979000e-16
       7602.4784   1.5404200e-16
       7605.5163   1.7552700e-16
       7608.5542   1.5492800e-16
       7611.5921   1.3145400e-16
       7614.6300   1.3383600e-16
       7617.6679   1.4741900e-16
       7620.7058   1.4236900e-16
       7623.7437   1.4926500e-16
       7626.7816   1.5019400e-16
       7629.8195   1.4431200e-16
       7632.8574   1.5254500e-16
       7635.8953   1.5228000e-16
       7638.9332   1.5678500e-16
       7641.9711   1.5354800e-16
       7645.0090   1.5416000e-16
       7648.0469   1.4553800e-16
       7651.0848   1.4512600e-16
       7654.1227   1.6280100e-16
       7657.1606   1.6492300e-16
       7660.1985   1.5841500e-16
       7663.2364   1.5443200e-16
       7666.2743   1.6362700e-16
       7669.3122   1.7186400e-16
       7672.3501   1.6619600e-16
       7675.3880   1.6417300e-16
       7678.4259   1.7017300e-16
       7681.4638   1.6465100e-16
       7684.5017   1.5253200e-16
       7687.5396   1.6247200e-16
       7690.5775   1.6023000e-16
       7693.6154   1.5959500e-16
       7696.6533   1.6723700e-16
       7699.6912   1.6418300e-16
       7702.7291   1.5871200e-16
       7705.7670   1.7375700e-16
       7708.8049   1.6133900e-16
       7711.8428   1.5343800e-16
       7714.8807   1.7191000e-16
       7717.9186   1.7529500e-16
       7720.9565   1.3822000e-16
       7723.9944   1.3854400e-16
       7727.0323   1.5606500e-16
       7730.0702   1.6796900e-16
       7733.1081   1.6446900e-16
       7736.1460   1.6577900e-16
       7739.1839   1.7164400e-16
       7742.2218   1.6379300e-16
       7745.2597   1.6707600e-16
       7748.2976   1.6405500e-16
       7751.3355   1.5808700e-16
       7754.3734   1.5673500e-16
       7757.4113   1.4918900e-16
       7760.4492   1.5372300e-16
       7763.4871   1.5918100e-16
       7766.5250   1.5650500e-16
       7769.5629   1.5179400e-16
       7772.6008   1.5528600e-16
       7775.6387   1.6019800e-16
       7778.6766   1.4991600e-16
       7781.7145   1.4515300e-16
       7784.7524   1.5463200e-16
       7787.7903   1.7015000e-16
       7790.8282   1.7501900e-16
       7793.8661   1.5298100e-16
       7796.9040   1.5873700e-16
       7799.9419   1.7595000e-16
       7802.9798   1.7419700e-16
       7806.0177   1.5775700e-16
       7809.0556   1.6322600e-16
       7812.0935   1.7178700e-16
       7815.1315   1.5779600e-16
       7818.1694   1.5292300e-16
       7821.2073   1.5505300e-16
       7824.2452   1.4987300e-16
       7827.2831   1.5853300e-16
       7830.3210   1.5430300e-16
       7833.3589   1.5559000e-16
       7836.3968   1.6007500e-16
       7839.4347   1.6239100e-16
       7842.4726   1.6289800e-16
       7845.5105   1.5483300e-16
       7848.5484   1.4876700e-16
       7851.5863   1.4717400e-16
       7854.6242   1.5268100e-16
       7857.6621   1.6905400e-16
       7860.7000   1.5187200e-16
       7863.7379   1.5105700e-16
       7866.7758   1.5737800e-16
       7869.8137   1.5409400e-16
       7872.8516   1.5192500e-16
       7875.8895   1.6730800e-16
       7878.9274   1.5528800e-16
       7881.9653   1.5426000e-16
       7885.0032   1.7281400e-16
       7888.0411   1.6951800e-16
       7891.0790   1.5283600e-16
       7894.1169   1.5659100e-16
       7897.1548   1.5947200e-16
       7900.1927   1.7230200e-16
       7903.2306   1.7380900e-16
       7906.2685   1.6838100e-16
       7909.3064   1.7358000e-16
       7912.3443   1.6073400e-16
       7915.3822   1.6816400e-16
       7918.4201   1.6378500e-16
       7921.4580   1.5712800e-16
       7924.4959   1.5240000e-16
       7927.5338   1.5672300e-16
       7930.5717   1.6266300e-16
       7933.6096   1.7095400e-16
       7936.6475   1.5934700e-16
       7939.6854   1.5643300e-16
       7942.7233   1.6186600e-16
       7945.7612   1.4907000e-16
       7948.7991   1.6976700e-16
       7951.8370   1.7193400e-16
       7954.8749   1.6418000e-16
       7957.9128   1.6769400e-16
       7960.9507   1.5477800e-16
       7963.9886   1.4252900e-16
       7967.0265   1.5820200e-16
       7970.0644   1.6512100e-16
       7973.1023   1.6478600e-16
       7976.1402   1.7180200e-16
       7979.1781   1.6592200e-16
       7982.2160   1.5566600e-16
       7985.2539   1.6157700e-16
       7988.2918   1.5417900e-16
       7991.3297   1.4629800e-16
       7994.3676   1.6311000e-16
       7997.4055   1.4645500e-16
       8000.4434   1.7011500e-16
       8003.4813   1.6889500e-16
       8006.5192   1.5000500e-16
       8009.5571   1.6396700e-16
       8012.5950   1.7778200e-16
       8015.6329   1.6735700e-16
       8018.6708   1.5771700e-16
       8021.7087   1.6174700e-16
       8024.7466   1.6232800e-16
       8027.7845   1.5756700e-16
       8030.8224   1.6869900e-16
       8033.8603   1.6885600e-16
       8036.8982   1.6564700e-16
       8039.9361   1.7023300e-16
       8042.9740   1.7561100e-16
       8046.0119   1.6554500e-16
       8049.0498   1.6331400e-16
       8052.0877   1.5359700e-16
       8055.1256   1.5685200e-16
       8058.1635   1.6702700e-16
       8061.2014   1.5536300e-16
       8064.2393   1.5412800e-16
       8067.2772   1.6552800e-16
       8070.3151   1.7421400e-16
       8073.3530   1.7357000e-16
       8076.3909   1.7019400e-16
       8079.4288   1.6421000e-16
       8082.4667   1.7158400e-16
       8085.5046   1.6061900e-16
       8088.5425   1.6144800e-16
       8091.5804   1.8119800e-16
       8094.6183   1.7878800e-16
       8097.6562   1.7489300e-16
       8100.6941   1.6878200e-16
       8103.7320   1.7795600e-16
       8106.7699   1.7806000e-16
       8109.8078   1.6185400e-16
       8112.8457   1.7069400e-16
       8115.8836   1.6919300e-16
       8118.9215   1.6878600e-16
       8121.9594   1.6903400e-16
       8124.9973   1.6787500e-16
       8128.0352   1.5646800e-16
       8131.0731   1.6804600e-16
       8134.1110   1.7095700e-16
       8137.1489   1.6513500e-16
       8140.1868   1.7206200e-16
       8143.2247   1.8404500e-16
       8146.2626   1.7546000e-16
       8149.3005   1.7200500e-16
       8152.3384   1.6623400e-16
       8155.3763   1.6229800e-16
       8158.4142   1.7020700e-16
       8161.4521   1.6940500e-16
       8164.4900   1.6854800e-16
       8167.5279   1.7821200e-16
       8170.5658   1.9241000e-16
       8173.6037   1.8985600e-16
       8176.6416   1.7322400e-16
       8179.6795   1.7805900e-16
       8182.7174   1.8367200e-16
       8185.7553   1.8507700e-16
       8188.7932   1.8047500e-16
       8191.8311   1.7579700e-16
       8194.8690   1.8375100e-16
       8197.9069   1.8603600e-16
       8200.9448   1.8604300e-16
       8203.9827   1.8937100e-16
       8207.0206   1.9782600e-16
       8210.0585   1.9869000e-16
       8213.0964   1.9594100e-16
       8216.1343   1.8111000e-16
       8219.1722   1.8158000e-16
       8222.2101   1.8574100e-16
       8225.2480   1.7893500e-16
       8228.2859   1.9288600e-16
       8231.3238   1.9693500e-16
       8234.3617   2.0219800e-16
       8237.3996   2.0077700e-16
       8240.4375   1.9797500e-16
       8243.4754   2.0518300e-16
       8246.5133   1.9912900e-16
       8249.5512   1.9125800e-16
       8252.5891   1.9099100e-16
       8255.6270   1.9794500e-16
       8258.6649   2.1312900e-16
       8261.7028   2.0167700e-16
       8264.7407   1.9961800e-16
       8267.7786   2.0291600e-16
       8270.8165   2.0308500e-16
       8273.8544   2.0550000e-16
       8276.8923   1.9008600e-16
       8279.9302   1.9301200e-16
       8282.9681   2.0273200e-16
       8286.0060   2.0924000e-16
       8289.0439   2.1728700e-16
       8292.0818   2.2748000e-16
       8295.1197   1.9967800e-16
       8298.1576   2.0276600e-16
       8301.1955   2.2162100e-16
       8304.2334   2.1143400e-16
       8307.2713   2.1155500e-16
       8310.3092   2.0368500e-16
       8313.3471   2.1148900e-16
       8316.3850   2.2010200e-16
       8319.4229   2.2711300e-16
       8322.4608   2.3686800e-16
       8325.4987   2.2001700e-16
       8328.5366   2.2519300e-16
       8331.5745   2.2822500e-16
       8334.6124   2.2609500e-16
       8337.6503   2.3812700e-16
       8340.6882   2.2641300e-16
       8343.7261   2.0996900e-16
       8346.7640   2.0214500e-16
       8349.8019   2.2445600e-16
       8352.8398   2.3295100e-16
       8355.8777   2.1955700e-16
       8358.9156   2.3391400e-16
       8361.9535   2.4566800e-16
       8364.9914   2.5049100e-16
       8368.0293   2.4846200e-16
       8371.0672   2.4985200e-16
       8374.1051   2.4785800e-16
       8377.1430   2.4166300e-16
       8380.1809   2.4108400e-16
       8383.2188   2.4541700e-16
       8386.2567   2.6071900e-16
       8389.2946   2.4740500e-16
       8392.3325   2.4652200e-16
       8395.3704   2.4114500e-16
       8398.4083   2.3688400e-16
       8401.4462   2.5155100e-16
       8404.4841   2.3896800e-16
       8407.5220   2.3850000e-16
       8410.5599   2.4146400e-16
       8413.5978   2.3679300e-16
       8416.6357   2.3987900e-16
       8419.6736   2.4735500e-16
       8422.7115   2.3389200e-16
       8425.7494   2.3993000e-16
       8428.7873   2.4930700e-16
       8431.8252   2.4949600e-16
       8434.8631   2.4928600e-16
       8437.9010   2.5041500e-16
       8440.9389   2.6448300e-16
       8443.9768   2.7059900e-16
       8447.0147   2.4910800e-16
       8450.0526   2.4834300e-16
       8453.0905   2.5694400e-16
       8456.1284   2.5706800e-16
       8459.1663   2.4856700e-16
       8462.2042   2.4665200e-16
       8465.2421   2.6268400e-16
       8468.2800   2.4804600e-16
       8471.3179   2.4867800e-16
       8474.3558   2.5092600e-16
       8477.3937   2.4546800e-16
       8480.4316   2.5024700e-16
       8483.4695   2.5089400e-16
       8486.5074   2.4806600e-16
       8489.5453   2.5031200e-16
       8492.5833   2.6190500e-16
       8495.6212   2.6072600e-16
       8498.6591   2.4698100e-16
       8501.6970   2.4552800e-16
       8504.7349   2.5315200e-16
       8507.7728   2.5919200e-16
       8510.8107   2.5101300e-16
       8513.8486   2.4990300e-16
       8516.8865   2.4827700e-16
       8519.9244   2.4565400e-16
       8522.9623   2.4757900e-16
       8526.0002   2.5911800e-16
       8529.0381   2.5716200e-16
       8532.0760   2.4019900e-16
       8535.1139   2.3308400e-16
       8538.1518   2.4932200e-16
       8541.1897   2.5925300e-16
       8544.2276   2.4846900e-16
       8547.2655   2.4755600e-16
       8550.3034   2.5845000e-16
       8553.3413   2.5894600e-16
       8556.3792   2.4262300e-16
       8559.4171   2.3762900e-16
       8562.4550   2.4756200e-16
       8565.4929   2.5194900e-16
       8568.5308   2.4569500e-16
       8571.5687   2.4453300e-16
       8574.6066   2.4345100e-16
       8577.6445   2.4474800e-16
       8580.6824   2.5090900e-16
       8583.7203   2.5647200e-16
       8586.7582   2.5799300e-16
       8589.7961   2.4206900e-16
       8592.8340   2.5743500e-16
       8595.8719   2.4893600e-16
       8598.9098   2.3890200e-16
       8601.9477   2.5071600e-16
       8604.9856   2.4858500e-16
       8608.0235   2.3921400e-16
       8611.0614   2.3828500e-16
       8614.0993   2.5120600e-16
       8617.1372   2.4617700e-16
       8620.1751   2.3401300e-16
       8623.2130   2.3108600e-16
       8626.2509   2.3368400e-16
       8629.2888   2.4084800e-16
       8632.3267   2.3766500e-16
       8635.3646   2.1746100e-16
       8638.4025   2.3294700e-16
       8641.4404   2.4491600e-16
       8644.4783   2.2207700e-16
       8647.5162   2.2181300e-16
       8650.5541   2.3544300e-16
       8653.5920   2.2499000e-16
       8656.6299   2.2117100e-16
       8659.6678   2.3356700e-16
       8662.7057   2.3968800e-16
       8665.7436   2.3875600e-16
       8668.7815   2.2779800e-16
       8671.8194   2.1720600e-16
       8674.8573   2.2064300e-16
       8677.8952   2.2662700e-16
       8680.9331   2.1224200e-16
       8683.9710   2.2266500e-16
       8687.0089   2.2986700e-16
       8690.0468   2.2106100e-16
       8693.0847   2.1371400e-16
       8696.1226   2.3269500e-16
       8699.1605   2.3179400e-16
       8702.1984   2.3595300e-16
       8705.2363   2.2835600e-16
       8708.2742   2.1655800e-16
       8711.3121   2.2601000e-16
       8714.3500   2.1129400e-16
       8717.3879   2.1348900e-16
       8720.4258   2.2854700e-16
       8723.4637   2.2217600e-16
       8726.5016   2.1072900e-16
       8729.5395   2.1647200e-16
       8732.5774   2.1838600e-16
       8735.6153   2.1303300e-16
       8738.6532   2.1572600e-16
       8741.6911   2.2388100e-16
       8744.7290   2.0849800e-16
       8747.7669   1.8832200e-16
       8750.8048   1.9360100e-16
       8753.8427   2.2599500e-16
       8756.8806   2.3942900e-16
       8759.9185   2.1991100e-16
       8762.9564   1.9796100e-16
       8765.9943   2.0094800e-16
       8769.0322   2.1068500e-16
       8772.0701   2.0144000e-16
       8775.1080   1.9364900e-16
       8778.1459   1.9554700e-16
       8781.1838   2.0185600e-16
       8784.2217   2.1663000e-16
       8787.2596   2.2279000e-16
       8790.2975   2.0768000e-16
       8793.3354   1.9602600e-16
       8796.3733   2.1249000e-16
       8799.4112   1.9506400e-16
       8802.4491   1.9580500e-16
       8805.4870   1.9898700e-16
       8808.5249   2.0061700e-16
       8811.5628   1.9532600e-16
       8814.6007   1.9245600e-16
       8817.6386   2.2299200e-16
       8820.6765   2.2361000e-16
       8823.7144   1.9830200e-16
       8826.7523   1.8969500e-16
       8829.7902   1.8391600e-16
       8832.8281   1.9317400e-16
       8835.8660   2.0305800e-16
       8838.9039   1.9338500e-16
       8841.9418   2.0316700e-16
       8844.9797   1.9348500e-16
       8848.0176   1.9467700e-16
       8851.0555   1.8768300e-16
       8854.0934   1.8043800e-16
       8857.1313   1.8715800e-16
       8860.1692   1.9413500e-16
       8863.2071   2.1222000e-16
       8866.2450   2.0641900e-16
       8869.2829   1.7959600e-16
       8872.3208   1.9982900e-16
       8875.3587   2.0340300e-16
       8878.3966   1.9331900e-16
       8881.4345   1.8287400e-16
       8884.4724   1.7984900e-16
       8887.5103   1.8274600e-16
       8890.5482   1.8009100e-16
       8893.5861   1.8715000e-16
       8896.6240   1.9160200e-16
       8899.6619   1.8260900e-16
       8902.6998   1.9886800e-16
       8905.7377   2.1444600e-16
       8908.7756   2.1614900e-16
       8911.8135   2.0867900e-16
       8914.8514   1.8619100e-16
       8917.8893   1.8219400e-16
       8920.9272   1.9034600e-16
       8923.9651   1.9357900e-16
       8927.0030   1.8872500e-16
       8930.0409   1.6888600e-16
       8933.0788   1.6886100e-16
       8936.1167   1.8120700e-16
       8939.1546   1.8502500e-16
       8942.1925   1.7533200e-16
       8945.2304   1.6483200e-16
       8948.2683   1.7588900e-16
       8951.3062   1.8516800e-16
       8954.3441   1.8678200e-16
       8957.3820   1.7333900e-16
       8960.4199   1.7749100e-16
       8963.4578   1.6885300e-16
       8966.4957   1.6893400e-16
       8969.5336   1.7068600e-16
       8972.5715   1.8028000e-16
       8975.6094   1.7416000e-16
       8978.6473   1.6500700e-16
       8981.6852   1.7243300e-16
       8984.7231   1.7568700e-16
       8987.7610   1.7201400e-16
       8990.7989   1.6356200e-16
       8993.8368   1.5673400e-16
       8996.8747   1.6026500e-16
       8999.9126   1.7091700e-16
       9002.9505   1.5307400e-16
       9005.9884   1.5530800e-16
       9009.0263   1.7316800e-16
       9012.0642   1.7255400e-16
       9015.1021   1.6008300e-16
       9018.1400   1.6653800e-16
       9021.1779   1.7121700e-16
       9024.2158   1.6243200e-16
       9027.2537   1.5877600e-16
       9030.2916   1.5842400e-16
       9033.3295   1.5403800e-16
       9036.3674   1.4983900e-16
       9039.4053   1.5791100e-16
       9042.4432   1.5979200e-16
       9045.4811   1.6139900e-16
       9048.5190   1.6342100e-16
       9051.5569   1.6439000e-16
       9054.5948   1.6800200e-16
       9057.6327   1.5081400e-16
       9060.6706   1.6546800e-16
       9063.7085   1.8112600e-16
       9066.7464   1.6711800e-16
       9069.7843   1.6727900e-16
       9072.8222   1.6350500e-16
       9075.8601   1.6021300e-16
       9078.8980   1.6301800e-16
       9081.9359   1.6291400e-16
       9084.9738   1.4702600e-16
       9088.0117   1.5437400e-16
       9091.0496   1.5504600e-16
       9094.0875   1.4759400e-16
       9097.1254   1.5683500e-16
       9100.1633   1.5273800e-16
       9103.2012   1.4624300e-16
       9106.2391   1.4300500e-16
       9109.2770   1.5576500e-16
       9112.3149   1.4266900e-16
       9115.3528   1.5390800e-16
       9118.3907   1.5579800e-16
       9121.4286   1.4972400e-16
       9124.4665   1.5897700e-16
       9127.5044   1.4735600e-16
       9130.5423   1.5845100e-16
       9133.5802   1.5517200e-16
       9136.6181   1.3302100e-16
       9139.6560   1.5286800e-16
       9142.6939   1.6735500e-16
       9145.7318   1.4289400e-16
       9148.7697   1.2213900e-16
       9151.8076   1.4045600e-16
       9154.8455   1.4616800e-16
       9157.8834   1.4591500e-16
       9160.9213   1.4573100e-16
       9163.9592   1.4776900e-16
       9166.9971   1.5742100e-16
       9170.0351   1.4019000e-16
       9173.0730   1.2735500e-16
       9176.1109   1.2899300e-16
       9179.1488   1.4229000e-16
       9182.1867   1.4955400e-16
       9185.2246   1.4540000e-16
       9188.2625   1.4726100e-16
       9191.3004   1.5685800e-16
       9194.3383   1.3746500e-16
       9197.3762   1.4173300e-16
       9200.4141   1.5570700e-16
       9203.4520   1.4646800e-16
       9206.4899   1.4252900e-16
       9209.5278   1.5203800e-16
       9212.5657   1.5138300e-16
       9215.6036   1.4098700e-16
       9218.6415   1.3905100e-16
       9221.6794   1.4290600e-16
       9224.7173   1.4248400e-16
       9227.7552   1.4882900e-16
       9230.7931   1.4381500e-16
       9233.8310   1.4737900e-16
       9236.8689   1.4716800e-16
       9239.9068   1.3801200e-16
       9242.9447   1.3603300e-16
       9245.9826   1.5150600e-16
       9249.0205   1.5486000e-16
       9252.0584   1.4678200e-16
       9255.0963   1.3792200e-16
       9258.1342   1.2815500e-16
       9261.1721   1.2813300e-16
       9264.2100   1.2962900e-16
       9267.2479   1.2918800e-16
       9270.2858   1.3318600e-16
       9273.3237   1.2196000e-16
       9276.3616   1.2895900e-16
       9279.3995   1.4531600e-16
       9282.4374   1.4569600e-16
       9285.4753   1.3446000e-16
       9288.5132   1.2653500e-16
       9291.5511   1.3510400e-16
       9294.5890   1.4307100e-16
       9297.6269   1.2347600e-16
       9300.6648   1.3631500e-16
       9303.7027   1.3380500e-16
       9306.7406   1.2335300e-16
       9309.7785   1.2672800e-16
       9312.8164   1.3748100e-16
       9315.8543   1.3694000e-16
       9318.8922   1.2956800e-16
       9321.9301   1.1090400e-16
       9324.9680   1.1619000e-16
       9328.0059   1.0149600e-16
       9331.0438   1.1981000e-16
       9334.0817   1.3518400e-16
       9337.1196   9.3235400e-17
       9340.1575   8.7078000e-17
       9343.1954   9.2439200e-17
       9346.2333   8.2453000e-17
       9349.2712   8.6390400e-17
       9352.3091   9.2025500e-17
       9355.3470   8.9552100e-17
       9358.3849   9.0132900e-17
       9361.4228   9.1001900e-17
       9364.4607   1.0138000e-16
       9367.4986   8.2184600e-17
       9370.5365   9.0499700e-17
       9373.5744   1.0698200e-16
       9376.6123   8.3300300e-17
       9379.6502   9.8111700e-17
       9382.6881   1.0890100e-16
       9385.7260   1.0043800e-16
       9388.7639   9.9539600e-17
       9391.8018   9.5954500e-17
       9394.8397   7.5216000e-17
       9397.8776   6.7031300e-17
       9400.9155   9.5841300e-17
       9403.9534   8.8115100e-17
       9406.9913   9.1552700e-17
       9410.0292   1.0365000e-16
       9413.0671   1.1999700e-16
       9416.1050   1.1020900e-16
       9419.1429   1.0978400e-16
       9422.1808   1.1540500e-16
       9425.2187   1.2190800e-16
       9428.2566   1.2316300e-16
       9431.2945   1.1071500e-16
       9434.3324   9.7561700e-17
       9437.3703   1.0052200e-16
       9440.4082   1.0055800e-16
       9443.4461   1.0086300e-16
       9446.4840   1.0444400e-16
       9449.5219   1.0087000e-16
       9452.5598   8.8029700e-17
       9455.5977   9.0236600e-17
       9458.6356   8.3059900e-17
       9461.6735   9.3860700e-17
       9464.7114   1.1493900e-16
       9467.7493   6.9242900e-17
       9470.7872   6.9441400e-17
       9473.8251   9.3925900e-17
       9476.8630   9.4993000e-17
       9479.9009   1.0077700e-16
       9482.9388   1.0188500e-16
       9485.9767   9.9800200e-17
       9489.0146   1.0671300e-16
       9492.0525   9.7496500e-17
       9495.0904   1.0375500e-16
       9498.1283   8.2973300e-17
       9501.1662   6.3870200e-17
       9504.2041   8.1760500e-17
       9507.2420   9.0216200e-17
       9510.2799   9.2859300e-17
       9513.3178   8.9986700e-17
       9516.3557   7.3466600e-17
       9519.3936   6.9997900e-17
       9522.4315   6.8589800e-17
       9525.4694   7.9650900e-17
       9528.5073   9.4233000e-17
       9531.5452   1.0446900e-16
       9534.5831   1.0181000e-16
       9537.6210   9.8716100e-17
       9540.6589   1.0226200e-16
       9543.6968   9.3455000e-17
       9546.7347   8.9300400e-17
       9549.7726   9.3486600e-17
       9552.8105   7.3601500e-17
       9555.8484   7.8057300e-17
       9558.8863   7.6622700e-17
       9561.9242   8.0169000e-17
       9564.9621   8.9589200e-17
       9568.0000   8.1836600e-17
       9571.0379   7.6679600e-17
       9574.0758   9.6532200e-17
       9577.1137   8.6200500e-17
       9580.1516   9.3128700e-17
       9583.1895   7.0000600e-17
       9586.2274   5.2664400e-17
       9589.2653   7.7095200e-17
       9592.3032   8.9835000e-17
       9595.3411   7.2522000e-17
       9598.3790   7.3051500e-17
       9601.4169   1.0251000e-16
       9604.4548   8.5196200e-17
       9607.4927   7.5478900e-17
       9610.5306   8.5622000e-17
       9613.5685   8.2141400e-17
       9616.6064   8.6861700e-17
       9619.6443   9.3963600e-17
       9622.6822   8.7068100e-17
       9625.7201   8.9470000e-17
       9628.7580   8.3446600e-17
       9631.7959   7.4320600e-17
       9634.8338   6.2315000e-17
       9637.8717   7.4159300e-17
       9640.9096   7.1320200e-17
       9643.9475   6.3996800e-17
       9646.9854   6.3863900e-17
       9650.0233   6.2813300e-17
       9653.0612   5.8498100e-17
       9656.0991   6.2153100e-17
       9659.1370   6.2229600e-17
