#58895.14
3753.4585515 2.052e-16
3756.49645195 2.19913e-16
3759.5343524 2.60534e-16
3762.57225285 1.92688e-16
3765.61015329 2.37251e-16
3768.64805374 2.31341e-16
3771.68595419 2.43181e-16
3774.72385464 2.4499e-16
3777.76175508 2.28967e-16
3780.79965553 2.37125e-16
3783.83755598 2.35594e-16
3786.87545643 2.03916e-16
3789.91335688 2.94223e-16
3792.95125732 2.44703e-16
3795.98915777 1.97449e-16
3799.02705822 1.98054e-16
3802.06495867 2.89318e-16
3805.10285912 2.45182e-16
3808.14075956 2.55877e-16
3811.17866001 2.82446e-16
3814.21656046 3.39108e-16
3817.25446091 3.87113e-16
3820.29236135 3.34682e-16
3823.3302618 3.48802e-16
3826.36816225 3.40816e-16
3829.4060627 2.71447e-16
3832.44396315 2.74142e-16
3835.48186359 2.38465e-16
3838.51976404 2.56291e-16
3841.55766449 2.1998e-16
3844.59556494 3.05448e-16
3847.63346539 2.68206e-16
3850.67136583 1.98149e-16
3853.70926628 2.39013e-16
3856.74716673 3.05837e-16
3859.78506718 2.38353e-16
3862.82296762 2.38658e-16
3865.86086807 2.5925e-16
3868.89876852 2.52088e-16
3871.93666897 2.86383e-16
3874.97456942 2.53789e-16
3878.01246986 2.92225e-16
3881.05037031 2.57459e-16
3884.08827076 2.64996e-16
3887.12617121 2.92413e-16
3890.16407166 2.57102e-16
3893.2019721 2.31707e-16
3896.23987255 2.38096e-16
3899.277773 2.52404e-16
3902.31567345 2.34004e-16
3905.35357389 2.45255e-16
3908.39147434 2.74119e-16
3911.42937479 2.45422e-16
3914.46727524 2.13715e-16
3917.50517569 2.23578e-16
3920.54307613 2.60639e-16
3923.58097658 2.74851e-16
3926.61887703 2.56865e-16
3929.65677748 2.46999e-16
3932.69467793 2.52602e-16
3935.73257837 2.57123e-16
3938.77047882 2.57517e-16
3941.80837927 2.71362e-16
3944.84627972 2.43043e-16
3947.88418016 2.44323e-16
3950.92208061 3.04895e-16
3953.95998106 2.82424e-16
3956.99788151 2.65114e-16
3960.03578196 2.67964e-16
3963.0736824 2.79593e-16
3966.11158285 2.5359e-16
3969.1494833 2.3624e-16
3972.18738375 2.42056e-16
3975.22528419 2.71747e-16
3978.26318464 2.45334e-16
3981.30108509 2.67047e-16
3984.33898554 3.01603e-16
3987.37688599 2.79821e-16
3990.41478643 2.45344e-16
3993.45268688 2.7575e-16
3996.49058733 2.62799e-16
3999.52848778 2.31008e-16
4002.56638823 2.6719e-16
4005.60428867 2.6694e-16
4008.64218912 2.51262e-16
4011.68008957 2.70378e-16
4014.71799002 2.53032e-16
4017.75589046 2.40674e-16
4020.79379091 2.66911e-16
4023.83169136 2.73926e-16
4026.86959181 2.45062e-16
4029.90749226 2.19614e-16
4032.9453927 2.36922e-16
4035.98329315 2.66539e-16
4039.0211936 2.48629e-16
4042.05909405 2.72798e-16
4045.0969945 2.68403e-16
4048.13489494 2.83626e-16
4051.17279539 3.0651e-16
4054.21069584 2.74122e-16
4057.24859629 2.47433e-16
4060.28649673 2.55992e-16
4063.32439718 2.78333e-16
4066.36229763 2.82995e-16
4069.40019808 2.78425e-16
4072.43809853 3.17401e-16
4075.47599897 2.89978e-16
4078.51389942 2.61051e-16
4081.55179987 3.04482e-16
4084.58970032 2.83229e-16
4087.62760077 2.60693e-16
4090.66550121 2.75747e-16
4093.70340166 2.43587e-16
4096.74130211 2.46062e-16
4099.77920256 2.33029e-16
4102.817103 2.70139e-16
4105.85500345 2.82395e-16
4108.8929039 2.58913e-16
4111.93080435 2.71232e-16
4114.9687048 2.62802e-16
4118.00660524 2.87246e-16
4121.04450569 2.49568e-16
4124.08240614 2.76517e-16
4127.12030659 2.50403e-16
4130.15820704 2.58489e-16
4133.19610748 2.40904e-16
4136.23400793 2.72733e-16
4139.27190838 2.61616e-16
4142.30980883 3.0218e-16
4145.34770927 2.99259e-16
4148.38560972 2.81467e-16
4151.42351017 2.97261e-16
4154.46141062 2.9003e-16
4157.49931107 2.98446e-16
4160.53721151 2.91156e-16
4163.57511196 3.22266e-16
4166.61301241 3.05048e-16
4169.65091286 2.68219e-16
4172.6888133 2.92439e-16
4175.72671375 2.72545e-16
4178.7646142 2.78674e-16
4181.80251465 2.95988e-16
4184.8404151 2.91439e-16
4187.87831554 2.73412e-16
4190.91621599 2.67753e-16
4193.95411644 2.89634e-16
4196.99201689 2.85118e-16
4200.02991734 2.85534e-16
4203.06781778 2.95022e-16
4206.10571823 3.02108e-16
4209.14361868 3.03777e-16
4212.18151913 2.95776e-16
4215.21941957 3.12306e-16
4218.25732002 3.02087e-16
4221.29522047 3.12208e-16
4224.33312092 3.15763e-16
4227.37102137 2.90836e-16
4230.40892181 2.84359e-16
4233.44682226 2.70811e-16
4236.48472271 2.96153e-16
4239.52262316 2.73685e-16
4242.56052361 3.15695e-16
4245.59842405 2.94224e-16
4248.6363245 2.73071e-16
4251.67422495 3.0432e-16
4254.7121254 2.83297e-16
4257.75002584 3.15e-16
4260.78792629 3.02407e-16
4263.82582674 3.03995e-16
4266.86372719 3.2595e-16
4269.90162764 3.13637e-16
4272.93952808 3.1629e-16
4275.97742853 3.1521e-16
4279.01532898 2.99588e-16
4282.05322943 3.11669e-16
4285.09112988 3.16537e-16
4288.12903032 3.13231e-16
4291.16693077 3.10755e-16
4294.20483122 3.17861e-16
4297.24273167 3.2757e-16
4300.28063211 3.05365e-16
4303.31853256 3.1755e-16
4306.35643301 3.29232e-16
4309.39433346 3.14866e-16
4312.43223391 3.36215e-16
4315.47013435 3.37589e-16
4318.5080348 3.20272e-16
4321.54593525 3.32084e-16
4324.5838357 3.22786e-16
4327.62173615 3.22618e-16
4330.65963659 3.17975e-16
4333.69753704 3.11423e-16
4336.73543749 3.17308e-16
4339.77333794 3.33462e-16
4342.81123838 3.50467e-16
4345.84913883 3.247e-16
4348.88703928 3.2127e-16
4351.92493973 3.27679e-16
4354.96284018 3.19471e-16
4358.00074062 3.459e-16
4361.03864107 3.24763e-16
4364.07654152 3.2526e-16
4367.11444197 3.25795e-16
4370.15234241 3.34601e-16
4373.19024286 3.37501e-16
4376.22814331 3.45518e-16
4379.26604376 3.49133e-16
4382.30394421 3.30594e-16
4385.34184465 3.4537e-16
4388.3797451 3.46063e-16
4391.41764555 3.45678e-16
4394.455546 3.56432e-16
4397.49344645 3.74043e-16
4400.53134689 3.56009e-16
4403.56924734 3.46298e-16
4406.60714779 3.63157e-16
4409.64504824 3.75742e-16
4412.68294868 3.76656e-16
4415.72084913 3.63966e-16
4418.75874958 3.66856e-16
4421.79665003 3.67443e-16
4424.83455048 3.81042e-16
4427.87245092 3.99819e-16
4430.91035137 3.6243e-16
4433.94825182 3.65176e-16
4436.98615227 3.80807e-16
4440.02405272 3.71638e-16
4443.06195316 3.94908e-16
4446.09985361 4.03527e-16
4449.13775406 4.02906e-16
4452.17565451 4.1273e-16
4455.21355495 4.14585e-16
4458.2514554 3.94101e-16
4461.28935585 3.88955e-16
4464.3272563 3.97263e-16
4467.36515675 3.83013e-16
4470.40305719 3.70034e-16
4473.44095764 3.86057e-16
4476.47885809 4.07559e-16
4479.51675854 3.90686e-16
4482.55465899 4.15772e-16
4485.59255943 3.83853e-16
4488.63045988 4.01844e-16
4491.66836033 3.93337e-16
4494.70626078 3.86446e-16
4497.74416122 3.99734e-16
4500.78206167 4.04686e-16
4503.81996212 3.98389e-16
4506.85786257 4.01629e-16
4509.89576302 4.15828e-16
4512.93366346 3.95536e-16
4515.97156391 4.03467e-16
4519.00946436 4.32011e-16
4522.04736481 4.07654e-16
4525.08526525 3.98403e-16
4528.1231657 4.07172e-16
4531.16106615 3.84792e-16
4534.1989666 3.78799e-16
4537.23686705 4.06092e-16
4540.27476749 4.09463e-16
4543.31266794 3.98889e-16
4546.35056839 4.08554e-16
4549.38846884 4.11302e-16
4552.42636929 3.94041e-16
4555.46426973 3.92184e-16
4558.50217018 3.98716e-16
4561.54007063 4.01311e-16
4564.57797108 4.02632e-16
4567.61587152 3.87344e-16
4570.65377197 3.81065e-16
4573.69167242 4.05814e-16
4576.72957287 3.96579e-16
4579.76747332 3.69884e-16
4582.80537376 3.94765e-16
4585.84327421 3.92877e-16
4588.88117466 3.95003e-16
4591.91907511 3.91299e-16
4594.95697556 4.0372e-16
4597.994876 3.93924e-16
4601.03277645 3.71261e-16
4604.0706769 3.86013e-16
4607.10857735 3.84789e-16
4610.14647779 3.8296e-16
4613.18437824 4.01887e-16
4616.22227869 3.92292e-16
4619.26017914 3.90064e-16
4622.29807959 3.97893e-16
4625.33598003 3.87702e-16
4628.37388048 3.9243e-16
4631.41178093 3.78241e-16
4634.44968138 3.67182e-16
4637.48758183 3.80178e-16
4640.52548227 3.99497e-16
4643.56338272 3.94758e-16
4646.60128317 3.94415e-16
4649.63918362 3.94136e-16
4652.67708406 3.90207e-16
4655.71498451 3.99649e-16
4658.75288496 3.86076e-16
4661.79078541 3.92294e-16
4664.82868586 4.03533e-16
4667.8665863 3.91952e-16
4670.90448675 3.86061e-16
4673.9423872 4.07548e-16
4676.98028765 3.88011e-16
4680.0181881 3.93357e-16
4683.05608854 3.84226e-16
4686.09398899 3.76261e-16
4689.13188944 3.72212e-16
4692.16978989 3.62743e-16
4695.20769033 3.89007e-16
4698.24559078 4.08225e-16
4701.28349123 3.87571e-16
4704.32139168 3.68014e-16
4707.35929213 3.74732e-16
4710.39719257 3.82866e-16
4713.43509302 3.85741e-16
4716.47299347 3.67219e-16
4719.51089392 3.62602e-16
4722.54879436 3.69283e-16
4725.58669481 3.70038e-16
4728.62459526 3.6258e-16
4731.66249571 3.72853e-16
4734.70039616 3.72912e-16
4737.7382966 3.71331e-16
4740.77619705 3.69745e-16
4743.8140975 3.94429e-16
4746.85199795 3.62788e-16
4749.8898984 3.52888e-16
4752.92779884 3.74781e-16
4755.96569929 3.64387e-16
4759.00359974 3.67325e-16
4762.04150019 3.64415e-16
4765.07940063 3.55608e-16
4768.11730108 3.68195e-16
4771.15520153 3.48985e-16
4774.19310198 3.49315e-16
4777.23100243 3.52689e-16
4780.26890287 3.6288e-16
4783.30680332 3.39983e-16
4786.34470377 3.47617e-16
4789.38260422 3.46117e-16
4792.42050467 3.67083e-16
4795.45840511 3.65806e-16
4798.49630556 3.5045e-16
4801.53420601 3.64482e-16
4804.57210646 3.69273e-16
4807.6100069 3.57084e-16
4810.64790735 3.67366e-16
4813.6858078 3.61642e-16
4816.72370825 3.44512e-16
4819.7616087 3.55966e-16
4822.79950914 3.88085e-16
4825.83740959 3.70255e-16
4828.87531004 3.54247e-16
4831.91321049 3.54802e-16
4834.95111094 3.64908e-16
4837.98901138 3.69454e-16
4841.02691183 3.57177e-16
4844.06481228 3.56321e-16
4847.10271273 3.69705e-16
4850.14061317 3.60549e-16
4853.17851362 3.55826e-16
4856.21641407 3.56682e-16
4859.25431452 3.74099e-16
4862.29221497 3.54017e-16
4865.33011541 3.49731e-16
4868.36801586 3.61553e-16
4871.40591631 3.70448e-16
4874.44381676 3.6848e-16
4877.48171721 3.44881e-16
4880.51961765 3.5765e-16
4883.5575181 3.51786e-16
4886.59541855 3.55934e-16
4889.633319 3.58928e-16
4892.67121944 3.58619e-16
4895.70911989 3.4324e-16
4898.74702034 3.48753e-16
4901.78492079 3.67224e-16
4904.82282124 3.55722e-16
4907.86072168 3.49591e-16
4910.89862213 3.74912e-16
4913.93652258 3.64372e-16
4916.97442303 3.70847e-16
4920.01232347 3.61571e-16
4923.05022392 3.6307e-16
4926.08812437 3.62698e-16
4929.12602482 3.66981e-16
4932.16392527 3.62704e-16
4935.20182571 3.56236e-16
4938.23972616 3.70257e-16
4941.27762661 3.76177e-16
4944.31552706 3.70465e-16
4947.35342751 3.65076e-16
4950.39132795 3.7085e-16
4953.4292284 3.5371e-16
4956.46712885 3.60453e-16
4959.5050293 3.72952e-16
4962.54292974 3.6894e-16
4965.58083019 3.71152e-16
4968.61873064 3.82612e-16
4971.65663109 3.94514e-16
4974.69453154 3.95063e-16
4977.73243198 3.98156e-16
4980.77033243 4.26252e-16
4983.80823288 4.16611e-16
4986.84613333 4.06293e-16
4989.88403378 4.171e-16
4992.92193422 3.907e-16
4995.95983467 3.65254e-16
4998.99773512 3.89429e-16
5002.03563557 3.88523e-16
5005.07353601 3.81348e-16
5008.11143646 3.81805e-16
5011.14933691 4.01296e-16
5014.18723736 3.91291e-16
5017.22513781 3.75718e-16
5020.26303825 3.88459e-16
5023.3009387 4.00862e-16
5026.33883915 3.89467e-16
5029.3767396 3.89081e-16
5032.41464005 4.0979e-16
5035.45254049 3.93616e-16
5038.49044094 3.98218e-16
5041.52834139 4.00275e-16
5044.56624184 4.0248e-16
5047.60414228 4.17744e-16
5050.64204273 4.287e-16
5053.67994318 4.27069e-16
5056.71784363 4.14895e-16
5059.75574408 4.15268e-16
5062.79364452 4.14174e-16
5065.83154497 4.0889e-16
5068.86944542 4.22708e-16
5071.90734587 4.32187e-16
5074.94524632 4.68588e-16
5077.98314676 4.65969e-16
5081.02104721 4.79267e-16
5084.05894766 4.97211e-16
5087.09684811 4.90808e-16
5090.13474855 4.6523e-16
5093.172649 4.41172e-16
5096.21054945 4.4699e-16
5099.2484499 4.41292e-16
5202.53706512 5.2258e-16
5205.57496557 5.13785e-16
5208.61286602 5.13876e-16
5211.65076647 5.18958e-16
5214.68866692 5.28148e-16
5217.72656736 5.31759e-16
5220.76446781 5.28674e-16
5223.80236826 5.3374e-16
5226.84026871 5.30426e-16
5229.87816916 5.25954e-16
5232.9160696 5.37312e-16
5235.95397005 5.37669e-16
5238.9918705 5.38994e-16
5242.02977095 5.41165e-16
5245.06767139 5.3678e-16
5248.10557184 5.40512e-16
5251.14347229 5.49983e-16
5254.18137274 5.4011e-16
5257.21927319 5.37849e-16
5260.25717363 5.59344e-16
5263.29507408 5.44594e-16
5266.33297453 5.4663e-16
5269.37087498 5.55348e-16
5272.40877542 5.63686e-16
5275.44667587 5.49732e-16
5278.48457632 5.3759e-16
5281.52247677 5.5178e-16
5284.56037722 5.54437e-16
5287.59827766 5.50027e-16
5290.63617811 5.61325e-16
5293.67407856 5.57953e-16
5296.71197901 5.62517e-16
5299.74987946 5.62584e-16
5302.7877799 5.5559e-16
5305.82568035 5.6282e-16
5308.8635808 5.73365e-16
5311.90148125 5.63801e-16
5314.93938169 5.62805e-16
5317.97728214 5.51354e-16
5321.01518259 5.6229e-16
5324.05308304 5.54953e-16
5327.09098349 5.59064e-16
5330.12888393 5.68857e-16
5333.16678438 5.67749e-16
5336.20468483 5.70744e-16
5339.24258528 5.54963e-16
5342.28048573 5.65691e-16
5345.31838617 5.54374e-16
5348.35628662 5.65127e-16
5351.39418707 5.69789e-16
5354.43208752 5.65377e-16
5357.46998796 5.73979e-16
5360.50788841 5.74546e-16
5363.54578886 5.69863e-16
5366.58368931 5.82231e-16
5369.62158976 5.76668e-16
5372.6594902 5.73544e-16
5375.69739065 5.55645e-16
5378.7352911 5.51222e-16
5381.77319155 5.58014e-16
5384.811092 5.56449e-16
5387.84899244 5.59878e-16
5390.88689289 5.77345e-16
5393.92479334 5.74376e-16
5396.96269379 5.63525e-16
5400.00059423 5.55253e-16
5403.03849468 5.61131e-16
5406.07639513 5.6849e-16
5409.11429558 5.72935e-16
5412.15219603 5.72226e-16
5415.19009647 5.69623e-16
5418.22799692 5.62763e-16
5421.26589737 5.52067e-16
5424.30379782 5.51931e-16
5427.34169827 5.48681e-16
5430.37959871 5.57397e-16
5433.41749916 5.7426e-16
5436.45539961 5.63946e-16
5439.49330006 5.53731e-16
5442.5312005 5.50677e-16
5445.56910095 5.45227e-16
5448.6070014 5.48646e-16
5451.64490185 5.52359e-16
5454.6828023 5.51783e-16
5457.72070274 5.43316e-16
5460.75860319 5.42894e-16
5463.79650364 5.52014e-16
5466.83440409 5.30406e-16
5469.87230453 5.43107e-16
5472.91020498 5.49652e-16
5475.94810543 5.63039e-16
5478.98600588 5.47845e-16
5482.02390633 5.22606e-16
5485.06180677 5.45785e-16
5488.09970722 5.35934e-16
5491.13760767 5.44532e-16
5494.17550812 5.22965e-16
5497.21340857 5.20425e-16
5500.25130901 5.18173e-16
5503.28920946 5.09319e-16
5506.32710991 5.14678e-16
5509.36501036 5.31962e-16
5512.4029108 5.20401e-16
5515.44081125 5.10992e-16
5518.4787117 5.16294e-16
5521.51661215 5.08299e-16
5524.5545126 5.17677e-16
5527.59241304 5.19272e-16
5530.63031349 5.03243e-16
5533.66821394 5.20362e-16
5536.70611439 5.10059e-16
5539.74401484 5.0457e-16
5542.78191528 5.1544e-16
5545.81981573 5.02904e-16
5548.85771618 4.79376e-16
5551.89561663 4.82196e-16
5554.93351707 4.98702e-16
5557.97141752 4.90111e-16
5561.00931797 4.92504e-16
5564.04721842 4.91133e-16
5567.08511887 4.91104e-16
5570.12301931 4.92241e-16
5573.16091976 4.71625e-16
5576.19882021 4.5994e-16
5579.23672066 4.83695e-16
5582.27462111 4.70688e-16
5585.31252155 4.79318e-16
5588.350422 4.65116e-16
5591.38832245 4.59402e-16
5594.4262229 4.62209e-16
5597.46412334 4.72531e-16
5600.50202379 4.69847e-16
5603.53992424 4.5536e-16
5606.57782469 4.71629e-16
5609.61572514 4.52503e-16
5612.65362558 4.66673e-16
5615.69152603 4.71125e-16
5618.72942648 4.61996e-16
5621.76732693 4.64274e-16
5624.80522738 4.60644e-16
5627.84312782 4.59039e-16
5630.88102827 4.49053e-16
5633.91892872 4.5751e-16
5636.95682917 4.59564e-16
5639.99472961 4.55872e-16
5643.03263006 4.44958e-16
5646.07053051 4.42e-16
5649.10843096 4.54201e-16
5652.14633141 4.53955e-16
5655.18423185 4.60934e-16
5658.2221323 4.62602e-16
5661.26003275 4.52044e-16
5664.2979332 4.48661e-16
5667.33583364 4.4658e-16
5670.37373409 4.45121e-16
5673.41163454 4.50354e-16
5676.44953499 4.41886e-16
5679.48743544 4.32234e-16
5682.52533588 4.3518e-16
5685.56323633 4.41224e-16
5688.60113678 4.36885e-16
5691.63903723 4.28605e-16
5694.67693768 4.37386e-16
5697.71483812 4.30499e-16
5700.75273857 4.21735e-16
5703.79063902 4.26189e-16
5706.82853947 4.31784e-16
5709.86643991 4.35414e-16
5712.90434036 4.3506e-16
5715.94224081 4.34051e-16
5718.98014126 4.30275e-16
5722.01804171 4.3103e-16
5725.05594215 4.27741e-16
5728.0938426 4.21003e-16
5731.13174305 4.24543e-16
5734.1696435 4.33283e-16
5737.20754395 4.24259e-16
5740.24544439 4.15089e-16
5743.28334484 4.16432e-16
5746.32124529 4.15951e-16
5749.35914574 4.02744e-16
5752.39704618 4.13077e-16
5755.43494663 4.28811e-16
5758.47284708 4.12175e-16
5761.51074753 3.94751e-16
5764.54864798 4.16732e-16
5767.58654842 4.19117e-16
5770.62444887 4.1559e-16
5773.66234932 4.1583e-16
5776.70024977 4.18477e-16
5779.73815022 4.09256e-16
5782.77605066 4.10175e-16
5785.81395111 4.23006e-16
5788.85185156 4.14555e-16
5791.88975201 4.07768e-16
5794.92765245 4.05886e-16
5797.9655529 4.11014e-16
5801.00345335 4.09472e-16
5804.0413538 4.13807e-16
5807.07925425 4.06721e-16
5810.11715469 3.92988e-16
5813.15505514 3.91251e-16
5816.19295559 3.96153e-16
5819.23085604 3.92588e-16
5822.26875648 3.88582e-16
5825.30665693 3.8742e-16
5828.34455738 3.97041e-16
5831.38245783 4.02684e-16
5834.42035828 3.81259e-16
5837.45825872 3.95557e-16
5840.49615917 3.97754e-16
5843.53405962 3.8469e-16
5846.57196007 3.78666e-16
5849.60986052 3.83581e-16
5852.64776096 3.81984e-16
5855.68566141 3.699e-16
5858.72356186 3.85313e-16
5861.76146231 3.89495e-16
5864.79936275 3.94621e-16
5867.8372632 4.05048e-16
5870.87516365 3.99359e-16
5873.9130641 3.81251e-16
5876.95096455 3.69363e-16
5879.98886499 3.75905e-16
5883.02676544 3.81001e-16
5886.06466589 3.8582e-16
5889.10256634 3.81314e-16
5892.14046679 3.82347e-16
5895.17836723 3.76275e-16
5898.21626768 3.68573e-16
5901.25416813 3.78002e-16
5904.29206858 3.68774e-16
5907.32996902 3.62565e-16
5910.36786947 3.68037e-16
5913.40576992 3.79771e-16
5916.44367037 3.81043e-16
5919.48157082 3.73208e-16
5922.51947126 3.79732e-16
5925.55737171 3.60991e-16
5928.59527216 3.6877e-16
5931.63317261 3.76004e-16
5934.67107306 3.66329e-16
5937.7089735 3.72719e-16
5940.74687395 3.68442e-16
5943.7847744 3.62574e-16
5946.82267485 3.73166e-16
5949.86057529 3.82315e-16
5952.89847574 3.65721e-16
5955.93637619 3.62873e-16
5958.97427664 3.7535e-16
5962.01217709 3.65131e-16
5965.05007753 3.60215e-16
5968.08797798 3.66735e-16
5971.12587843 3.54471e-16
5974.16377888 3.50205e-16
5977.20167933 3.58416e-16
5980.23957977 3.58079e-16
5983.27748022 3.5751e-16
5986.31538067 3.60851e-16
5989.35328112 3.55905e-16
5992.39118156 3.60573e-16
5995.42908201 3.53127e-16
5998.46698246 3.46175e-16
6001.50488291 3.48684e-16
6004.54278336 3.34932e-16
6007.5806838 3.3741e-16
6010.61858425 3.60191e-16
6013.6564847 3.47793e-16
6016.69438515 3.42836e-16
6019.73228559 3.54244e-16
6022.77018604 3.57909e-16
6025.80808649 3.64747e-16
6028.84598694 3.75038e-16
6031.88388739 3.58057e-16
6034.92178783 3.40845e-16
6037.95968828 3.34084e-16
6040.99758873 3.28889e-16
6044.03548918 3.3845e-16
6047.07338963 3.40886e-16
6050.11129007 3.38678e-16
6053.14919052 3.32779e-16
6056.18709097 3.27818e-16
6059.22499142 3.37884e-16
6062.26289186 3.50074e-16
6065.30079231 3.34394e-16
6068.33869276 3.31048e-16
6071.37659321 3.43167e-16
6074.41449366 3.37067e-16
6077.4523941 3.26641e-16
6080.49029455 3.34144e-16
6083.528195 3.32938e-16
6086.56609545 3.27789e-16
6089.6039959 3.36863e-16
6092.64189634 3.39345e-16
6095.67979679 3.39165e-16
6098.71769724 3.39931e-16
6101.75559769 3.36708e-16
6104.79349813 3.40678e-16
6107.83139858 3.4743e-16
6110.86929903 3.4097e-16
6113.90719948 3.32165e-16
6116.94509993 3.60892e-16
6119.98300037 3.44621e-16
6123.02090082 3.32109e-16
6126.05880127 3.60306e-16
6129.09670172 3.61013e-16
6132.13460217 3.41549e-16
6135.17250261 3.4095e-16
6138.21040306 3.53274e-16
6141.24830351 3.38253e-16
6144.28620396 3.3826e-16
6147.3241044 3.48737e-16
6150.36200485 3.34895e-16
6153.3999053 3.50771e-16
6156.43780575 3.39273e-16
6159.4757062 3.55724e-16
6162.51360664 3.55728e-16
6165.55150709 3.46665e-16
6168.58940754 3.50255e-16
6171.62730799 3.33401e-16
6174.66520844 3.46074e-16
6177.70310888 3.42446e-16
6180.74100933 3.45753e-16
6183.77890978 3.47182e-16
6186.81681023 3.44672e-16
6189.85471067 3.50428e-16
6192.89261112 3.65946e-16
6195.93051157 3.51277e-16
6198.96841202 3.50123e-16
6202.00631247 3.4449e-16
6205.04421291 3.36125e-16
6208.08211336 3.36606e-16
6211.12001381 3.37214e-16
6214.15791426 3.43268e-16
6217.1958147 3.32619e-16
6220.23371515 3.5241e-16
6223.2716156 3.5469e-16
6226.30951605 3.43664e-16
6229.3474165 3.51569e-16
6232.38531694 3.43655e-16
6235.42321739 3.46293e-16
6238.46111784 3.50217e-16
6241.49901829 3.50748e-16
6244.53691874 3.51856e-16
6247.57481918 3.56271e-16
6250.61271963 3.54612e-16
6253.65062008 3.45937e-16
6256.68852053 3.55619e-16
6259.72642097 3.5746e-16
6262.76432142 3.49916e-16
6265.80222187 3.49212e-16
6268.84012232 3.46953e-16
6271.87802277 3.37827e-16
6274.91592321 3.26826e-16
6277.95382366 3.45176e-16
6280.99172411 3.35529e-16
6284.02962456 3.26913e-16
6287.06752501 3.31164e-16
6290.10542545 3.40115e-16
6293.1433259 3.41189e-16
6296.18122635 3.43006e-16
6299.2191268 3.55651e-16
6302.25702724 3.50026e-16
6305.29492769 3.43231e-16
6308.33282814 3.37775e-16
6311.37072859 3.44663e-16
6314.40862904 3.43478e-16
6317.44652948 3.40283e-16
6320.48442993 3.37587e-16
6323.52233038 3.463e-16
6326.56023083 3.47589e-16
6329.59813128 3.45062e-16
6332.63603172 3.49621e-16
6335.67393217 3.42888e-16
6338.71183262 3.62954e-16
6341.74973307 3.62172e-16
6344.78763351 3.63092e-16
6347.82553396 3.65741e-16
6350.86343441 3.55127e-16
6353.90133486 3.54671e-16
6356.93923531 3.70114e-16
6359.97713575 3.43801e-16
6363.0150362 3.52523e-16
6366.05293665 3.65137e-16
6369.0908371 3.6036e-16
6372.12873755 3.74018e-16
6375.16663799 3.75897e-16
6378.20453844 3.62032e-16
6381.24243889 3.59609e-16
6384.28033934 3.57736e-16
6387.31823978 3.55791e-16
6390.35614023 3.63497e-16
6393.39404068 3.62335e-16
6396.43194113 3.61891e-16
6399.46984158 3.67443e-16
6402.50774202 3.66192e-16
6405.54564247 3.61905e-16
6408.58354292 3.65386e-16
6411.62144337 3.67982e-16
6414.65934381 3.61097e-16
6417.69724426 3.58951e-16
6420.73514471 3.5098e-16
6423.77304516 3.62432e-16
6426.81094561 3.69604e-16
6429.84884605 3.62841e-16
6432.8867465 3.76486e-16
6435.92464695 3.75058e-16
6438.9625474 3.52329e-16
6442.00044785 3.66191e-16
6445.03834829 3.86025e-16
6448.07624874 3.7852e-16
6451.11414919 3.6937e-16
6454.15204964 3.71259e-16
6457.18995008 3.74049e-16
6460.22785053 3.87635e-16
6463.26575098 3.81314e-16
6466.30365143 3.71348e-16
6469.34155188 3.77933e-16
6472.37945232 3.7652e-16
6475.41735277 3.87313e-16
6478.45525322 3.87648e-16
6481.49315367 3.79601e-16
6484.53105412 3.71949e-16
6487.56895456 3.7625e-16
6490.60685501 3.81608e-16
6493.64475546 3.74252e-16
6496.68265591 3.76891e-16
6499.72055635 3.68337e-16
6502.7584568 3.75867e-16
6505.79635725 3.80287e-16
6508.8342577 3.68799e-16
6511.87215815 3.84396e-16
6514.91005859 3.75228e-16
6517.94795904 3.56281e-16
6520.98585949 3.72372e-16
6524.02375994 3.91009e-16
6527.06166039 3.90909e-16
6530.09956083 3.76692e-16
6533.13746128 3.67301e-16
6536.17536173 3.82354e-16
6539.21326218 3.90335e-16
6542.25116262 3.77623e-16
6545.28906307 3.77648e-16
6548.32696352 3.85051e-16
6551.36486397 3.79986e-16
6554.40276442 3.87142e-16
6557.44066486 3.97748e-16
6560.47856531 3.82926e-16
6563.51646576 3.69473e-16
6566.55436621 3.77136e-16
6569.59226665 3.75146e-16
6572.6301671 3.75115e-16
6575.66806755 3.76709e-16
6578.705968 3.75543e-16
6581.74386845 3.77434e-16
6584.78176889 3.83577e-16
6587.81966934 3.76817e-16
6590.85756979 3.77533e-16
6593.89547024 3.78091e-16
6596.93337069 3.72649e-16
6599.97127113 3.78129e-16
6603.00917158 3.78786e-16
6606.04707203 3.73409e-16
6609.08497248 3.80544e-16
6612.12287292 3.75932e-16
6615.16077337 3.8252e-16
6618.19867382 3.87543e-16
6621.23657427 3.90631e-16
6624.27447472 3.88793e-16
6627.31237516 3.80437e-16
6630.35027561 3.74578e-16
6633.38817606 3.78771e-16
6636.42607651 3.70486e-16
6639.46397696 3.69427e-16
6642.5018774 3.68998e-16
6645.53977785 3.60954e-16
6648.5776783 3.61134e-16
6651.61557875 3.74124e-16
6654.65347919 3.73766e-16
6657.69137964 3.71367e-16
6660.72928009 3.68716e-16
6663.76718054 3.65904e-16
6666.80508099 3.64268e-16
6669.84298143 3.64972e-16
6672.88088188 3.80147e-16
6675.91878233 3.66531e-16
6678.95668278 3.52289e-16
6681.99458323 3.52928e-16
6685.03248367 3.5503e-16
6688.07038412 3.69362e-16
6691.10828457 3.52877e-16
6694.14618502 3.54179e-16
6697.18408546 3.71977e-16
6700.22198591 3.78375e-16
6703.25988636 3.75274e-16
6706.29778681 3.69514e-16
6709.33568726 3.63118e-16
6712.3735877 3.66234e-16
6715.41148815 3.94572e-16
6718.4493886 4.32904e-16
6721.48728905 4.57454e-16
6724.5251895 4.67291e-16
6727.56308994 4.788e-16
6730.60099039 4.84314e-16
6733.63889084 4.90364e-16
6736.67679129 4.37005e-16
6739.71469173 3.65779e-16
6742.75259218 3.64908e-16
6745.79049263 3.5789e-16
6748.82839308 3.5207e-16
6751.86629353 3.61578e-16
6754.90419397 3.65865e-16
6757.94209442 3.53564e-16
6760.97999487 3.40929e-16
6764.01789532 3.48875e-16
6767.05579576 3.57543e-16
6770.09369621 3.53287e-16
6773.13159666 3.51318e-16
6776.16949711 3.51431e-16
6779.20739756 3.48875e-16
6782.245298 3.52096e-16
6785.28319845 3.38196e-16
6788.3210989 3.47814e-16
6791.35899935 3.44035e-16
6794.3968998 3.35562e-16
6797.43480024 3.4506e-16
6800.47270069 3.4754e-16
6803.51060114 3.44073e-16
6806.54850159 3.44135e-16
6809.58640203 3.45327e-16
6812.62430248 3.35487e-16
6815.66220293 3.29019e-16
6818.70010338 3.4313e-16
6821.73800383 3.33532e-16
6824.77590427 3.2755e-16
6827.81380472 3.18468e-16
6830.85170517 3.25609e-16
6833.88960562 3.36792e-16
6836.92750607 3.25372e-16
6839.96540651 3.22281e-16
6843.00330696 3.17838e-16
6846.04120741 3.18057e-16
6849.07910786 3.31879e-16
6852.1170083 3.35989e-16
6855.15490875 3.21328e-16
6858.1928092 3.16924e-16
6861.23070965 3.1257e-16
6864.2686101 3.19269e-16
6867.30651054 3.17504e-16
6870.34441099 3.20239e-16
6873.38231144 3.24847e-16
6876.42021189 3.10291e-16
6879.45811234 3.07936e-16
6882.49601278 3.21083e-16
6885.53391323 3.12751e-16
6888.57181368 3.14619e-16
6891.60971413 3.27599e-16
6894.64761457 3.16493e-16
6897.68551502 3.0172e-16
6900.72341547 3.2104e-16
6903.76131592 3.32811e-16
6906.79921637 3.07455e-16
6909.83711681 2.89403e-16
6912.87501726 3.02697e-16
6915.91291771 2.99561e-16
6918.95081816 2.98514e-16
6921.98871861 3.01898e-16
6925.02661905 3.0581e-16
6928.0645195 3.07215e-16
6931.10241995 3.1466e-16
6934.1403204 3.07017e-16
6937.17822084 2.95477e-16
6940.21612129 2.95923e-16
6943.25402174 2.98933e-16
6946.29192219 3.0024e-16
6949.32982264 3.0128e-16
6952.36772308 2.9666e-16
6955.40562353 2.92135e-16
6958.44352398 2.92961e-16
6961.48142443 2.97216e-16
6964.51932487 2.94218e-16
6967.55722532 2.89961e-16
6970.59512577 2.92382e-16
6973.63302622 2.9942e-16
6976.67092667 2.8568e-16
6979.70882711 2.81251e-16
6982.74672756 2.95936e-16
6985.78462801 2.89579e-16
6988.82252846 2.73892e-16
6991.86042891 2.8523e-16
6994.89832935 2.82856e-16
6997.9362298 2.75703e-16
7000.97413025 2.82889e-16
7004.0120307 2.84738e-16
7007.04993114 2.76278e-16
7010.08783159 2.92652e-16
7013.12573204 2.9827e-16
7016.16363249 2.85805e-16
7019.20153294 2.77876e-16
7022.23943338 2.8507e-16
7025.27733383 2.76681e-16
7028.31523428 2.66973e-16
7031.35313473 2.69296e-16
7034.39103518 2.73101e-16
7037.42893562 2.73374e-16
7040.46683607 2.72568e-16
7043.50473652 2.68455e-16
7046.54263697 2.56432e-16
7049.58053741 2.63093e-16
7052.61843786 2.6414e-16
7055.65633831 2.61962e-16
7058.69423876 2.66721e-16
7061.73213921 2.65099e-16
7064.77003965 2.51214e-16
7067.8079401 2.56245e-16
7070.84584055 2.67844e-16
7073.883741 2.58493e-16
7076.92164145 2.46194e-16
7079.95954189 2.47879e-16
7082.99744234 2.48817e-16
7086.03534279 2.59555e-16
7089.07324324 2.48401e-16
7092.11114368 2.44101e-16
7095.14904413 2.53942e-16
7098.18694458 2.43879e-16
7101.22484503 2.3868e-16
7104.26274548 2.5671e-16
7107.30064592 2.54656e-16
7110.33854637 2.47006e-16
7113.37644682 2.50252e-16
7116.41434727 2.52004e-16
7119.45224771 2.40802e-16
7122.49014816 2.51585e-16
7125.52804861 2.50411e-16
7128.56594906 2.4834e-16
7131.60384951 2.56842e-16
7134.64174995 2.50648e-16
7137.6796504 2.55404e-16
7140.71755085 2.4808e-16
7143.7554513 2.43587e-16
7146.79335175 2.47059e-16
7149.83125219 2.50087e-16
7152.86915264 2.45042e-16
7155.90705309 2.38651e-16
7158.94495354 2.42384e-16
7161.98285398 2.33245e-16
7165.02075443 2.34971e-16
7168.05865488 2.40913e-16
7171.09655533 2.42695e-16
7174.13445578 2.49057e-16
7177.17235622 2.46931e-16
7180.21025667 2.39154e-16
7183.24815712 2.39071e-16
7186.28605757 2.38559e-16
7189.32395802 2.35733e-16
7192.36185846 2.28005e-16
7195.39975891 2.26239e-16
7198.43765936 2.25197e-16
7201.47555981 2.30665e-16
7204.51346025 2.29185e-16
7207.5513607 2.27985e-16
7210.58926115 2.20881e-16
7213.6271616 2.31592e-16
7216.66506205 2.33069e-16
7219.70296249 2.28385e-16
7222.74086294 2.23469e-16
7225.77876339 2.21028e-16
7228.81666384 2.31649e-16
7231.85456429 2.44666e-16
7234.89246473 2.43072e-16
7237.93036518 2.42037e-16
7240.96826563 2.4052e-16
7244.00616608 2.27034e-16
7247.04406652 2.22142e-16
7250.08196697 2.40262e-16
7253.11986742 2.39181e-16
7256.15776787 2.18766e-16
7259.19566832 2.16569e-16
7262.23356876 2.25891e-16
7265.27146921 2.1943e-16
7268.30936966 2.25217e-16
7271.34727011 2.46006e-16
7274.38517056 2.38309e-16
7277.423071 2.1713e-16
7280.46097145 2.29617e-16
7283.4988719 2.26651e-16
7286.53677235 2.15115e-16
7289.57467279 2.18852e-16
7292.61257324 2.30113e-16
7295.65047369 2.30899e-16
7298.68837414 2.1801e-16
7301.72627459 2.19289e-16
7304.76417503 2.17269e-16
7307.80207548 1.98384e-16
7310.83997593 2.05455e-16
7313.87787638 2.18042e-16
7316.91577682 1.96527e-16
7319.95367727 2.09042e-16
7322.99157772 1.91901e-16
7326.02947817 1.87684e-16
7329.06737862 2.00808e-16
7332.10527906 2.06391e-16
7335.14317951 2.12578e-16
7338.18107996 2.06234e-16
7341.21898041 1.97699e-16
7344.25688086 1.95579e-16
7347.2947813 2.08159e-16
7350.33268175 2.10119e-16
7353.3705822 1.9368e-16
7356.40848265 2.08112e-16
7359.44638309 2.14693e-16
7362.48428354 1.89618e-16
7365.52218399 1.87467e-16
7368.56008444 2.06184e-16
7371.59798489 1.85339e-16
7374.63588533 1.84781e-16
7377.67378578 1.94415e-16
7380.71168623 1.94366e-16
7383.74958668 1.85986e-16
7386.78748713 1.85432e-16
7389.82538757 1.93029e-16
7392.86328802 1.93938e-16
7395.90118847 1.86031e-16
7398.93908892 1.87827e-16
7401.97698936 1.95527e-16
7405.01488981 1.99661e-16
7408.05279026 1.98631e-16
7411.09069071 1.93226e-16
7414.12859116 1.90233e-16
7417.1664916 1.88432e-16
7420.20439205 1.88174e-16
7423.2422925 1.87898e-16
7426.28019295 1.85405e-16
7429.3180934 1.7694e-16
7432.35599384 1.80273e-16
7435.39389429 1.82183e-16
7438.43179474 1.73328e-16
7441.46969519 1.79559e-16
7444.50759563 1.81971e-16
7447.54549608 1.69024e-16
7450.58339653 1.65876e-16
7453.62129698 1.70672e-16
7456.65919743 1.79218e-16
7459.69709787 1.81445e-16
7462.73499832 1.72373e-16
7465.77289877 1.59305e-16
7468.81079922 1.64075e-16
7471.84869967 1.67546e-16
7474.88660011 1.69469e-16
7477.92450056 1.70416e-16
7480.96240101 1.70839e-16
7484.00030146 1.67764e-16
7487.0382019 1.70263e-16
7490.07610235 1.70645e-16
7493.1140028 1.68562e-16
7496.15190325 1.74123e-16
7499.1898037 1.78923e-16
7502.22770414 1.69586e-16
7505.26560459 1.63125e-16
7508.30350504 1.67729e-16
7511.34140549 1.7828e-16
7514.37930593 1.72491e-16
7517.41720638 1.56705e-16
7520.45510683 1.64368e-16
7523.49300728 1.75164e-16
7526.53090773 1.71967e-16
7529.56880817 1.73012e-16
7532.60670862 1.64389e-16
7535.64460907 1.76683e-16
7538.68250952 1.75725e-16
7541.72040997 1.75732e-16
7544.75831041 1.83574e-16
7547.79621086 1.76846e-16
7550.83411131 1.65057e-16
7553.87201176 1.76058e-16
7556.9099122 1.77155e-16
7559.94781265 1.71035e-16
7562.9857131 1.69347e-16
7566.02361355 1.71175e-16
7569.061514 1.55617e-16
7572.09941444 1.62279e-16
7575.13731489 1.70938e-16
7578.17521534 1.59793e-16
7581.21311579 1.52926e-16
7584.25101624 1.61653e-16
7587.28891668 1.46825e-16
7590.32681713 1.27437e-16
7593.36471758 1.33397e-16
7596.40261803 1.62131e-16
7599.44051847 1.6979e-16
7602.47841892 1.54042e-16
7605.51631937 1.75527e-16
7608.55421982 1.54928e-16
7611.59212027 1.31454e-16
7614.63002071 1.33836e-16
7617.66792116 1.47419e-16
7620.70582161 1.42369e-16
7623.74372206 1.49265e-16
7626.78162251 1.50194e-16
7629.81952295 1.44312e-16
7632.8574234 1.52545e-16
7635.89532385 1.5228e-16
7638.9332243 1.56785e-16
7641.97112474 1.53548e-16
7645.00902519 1.5416e-16
7648.04692564 1.45538e-16
7651.08482609 1.45126e-16
7654.12272654 1.62801e-16
7657.16062698 1.64923e-16
7660.19852743 1.58415e-16
7663.23642788 1.54432e-16
7666.27432833 1.63627e-16
7669.31222878 1.71864e-16
7672.35012922 1.66196e-16
7675.38802967 1.64173e-16
7678.42593012 1.70173e-16
7681.46383057 1.64651e-16
7684.50173101 1.52532e-16
7687.53963146 1.62472e-16
7690.57753191 1.6023e-16
7693.61543236 1.59595e-16
7696.65333281 1.67237e-16
7699.69123325 1.64183e-16
7702.7291337 1.58712e-16
7705.76703415 1.73757e-16
7708.8049346 1.61339e-16
7711.84283504 1.53438e-16
7714.88073549 1.7191e-16
7717.91863594 1.75295e-16
7720.95653639 1.3822e-16
7723.99443684 1.38544e-16
7727.03233728 1.56065e-16
7730.07023773 1.67969e-16
7733.10813818 1.64469e-16
7736.14603863 1.65779e-16
7739.18393908 1.71644e-16
7742.22183952 1.63793e-16
7745.25973997 1.67076e-16
7748.29764042 1.64055e-16
7751.33554087 1.58087e-16
7754.37344131 1.56735e-16
7757.41134176 1.49189e-16
7760.44924221 1.53723e-16
7763.48714266 1.59181e-16
7766.52504311 1.56505e-16
7769.56294355 1.51794e-16
7772.600844 1.55286e-16
7775.63874445 1.60198e-16
7778.6766449 1.49916e-16
7781.71454535 1.45153e-16
7784.75244579 1.54632e-16
7787.79034624 1.7015e-16
7790.82824669 1.75019e-16
7793.86614714 1.52981e-16
7796.90404758 1.58737e-16
7799.94194803 1.7595e-16
7802.97984848 1.74197e-16
7806.01774893 1.57757e-16
7809.05564938 1.63226e-16
7812.09354982 1.71787e-16
7815.13145027 1.57796e-16
7818.16935072 1.52923e-16
7821.20725117 1.55053e-16
7824.24515162 1.49873e-16
7827.28305206 1.58533e-16
7830.32095251 1.54303e-16
7833.35885296 1.5559e-16
7836.39675341 1.60075e-16
7839.43465385 1.62391e-16
7842.4725543 1.62898e-16
7845.51045475 1.54833e-16
7848.5483552 1.48767e-16
7851.58625565 1.47174e-16
7854.62415609 1.52681e-16
7857.66205654 1.69054e-16
7860.69995699 1.51872e-16
7863.73785744 1.51057e-16
7866.77575788 1.57378e-16
7869.81365833 1.54094e-16
7872.85155878 1.51925e-16
7875.88945923 1.67308e-16
7878.92735968 1.55288e-16
7881.96526012 1.5426e-16
7885.00316057 1.72814e-16
7888.04106102 1.69518e-16
7891.07896147 1.52836e-16
7894.11686192 1.56591e-16
7897.15476236 1.59472e-16
7900.19266281 1.72302e-16
7903.23056326 1.73809e-16
7906.26846371 1.68381e-16
7909.30636415 1.7358e-16
7912.3442646 1.60734e-16
7915.38216505 1.68164e-16
7918.4200655 1.63785e-16
7921.45796595 1.57128e-16
7924.49586639 1.524e-16
7927.53376684 1.56723e-16
7930.57166729 1.62663e-16
7933.60956774 1.70954e-16
7936.64746819 1.59347e-16
7939.68536863 1.56433e-16
7942.72326908 1.61866e-16
7945.76116953 1.4907e-16
7948.79906998 1.69767e-16
7951.83697042 1.71934e-16
7954.87487087 1.6418e-16
7957.91277132 1.67694e-16
7960.95067177 1.54778e-16
7963.98857222 1.42529e-16
7967.02647266 1.58202e-16
7970.06437311 1.65121e-16
7973.10227356 1.64786e-16
7976.14017401 1.71802e-16
7979.17807446 1.65922e-16
7982.2159749 1.55666e-16
7985.25387535 1.61577e-16
7988.2917758 1.54179e-16
7991.32967625 1.46298e-16
7994.36757669 1.6311e-16
7997.40547714 1.46455e-16
8000.44337759 1.70115e-16
8003.48127804 1.68895e-16
8006.51917849 1.50005e-16
8009.55707893 1.63967e-16
8012.59497938 1.77782e-16
8015.63287983 1.67357e-16
8018.67078028 1.57717e-16
8021.70868073 1.61747e-16
8024.74658117 1.62328e-16
8027.78448162 1.57567e-16
8030.82238207 1.68699e-16
8033.86028252 1.68856e-16
8036.89818296 1.65647e-16
8039.93608341 1.70233e-16
8042.97398386 1.75611e-16
8046.01188431 1.65545e-16
8049.04978476 1.63314e-16
8052.0876852 1.53597e-16
8055.12558565 1.56852e-16
8058.1634861 1.67027e-16
8061.20138655 1.55363e-16
8064.23928699 1.54128e-16
8067.27718744 1.65528e-16
8070.31508789 1.74214e-16
8073.35298834 1.7357e-16
8076.39088879 1.70194e-16
8079.42878923 1.6421e-16
8082.46668968 1.71584e-16
8085.50459013 1.60619e-16
8088.54249058 1.61448e-16
8091.58039103 1.81198e-16
8094.61829147 1.78788e-16
8097.65619192 1.74893e-16
8100.69409237 1.68782e-16
8103.73199282 1.77956e-16
8106.76989326 1.7806e-16
8109.80779371 1.61854e-16
8112.84569416 1.70694e-16
8115.88359461 1.69193e-16
8118.92149506 1.68786e-16
8121.9593955 1.69034e-16
8124.99729595 1.67875e-16
8128.0351964 1.56468e-16
8131.07309685 1.68046e-16
8134.1109973 1.70957e-16
8137.14889774 1.65135e-16
8140.18679819 1.72062e-16
8143.22469864 1.84045e-16
8146.26259909 1.7546e-16
8149.30049953 1.72005e-16
8152.33839998 1.66234e-16
8155.37630043 1.62298e-16
8158.41420088 1.70207e-16
8161.45210133 1.69405e-16
8164.49000177 1.68548e-16
8167.52790222 1.78212e-16
8170.56580267 1.9241e-16
8173.60370312 1.89856e-16
8176.64160357 1.73224e-16
8179.67950401 1.78059e-16
8182.71740446 1.83672e-16
8185.75530491 1.85077e-16
8188.79320536 1.80475e-16
8191.8311058 1.75797e-16
8194.86900625 1.83751e-16
8197.9069067 1.86036e-16
8200.94480715 1.86043e-16
8203.9827076 1.89371e-16
8207.02060804 1.97826e-16
8210.05850849 1.9869e-16
8213.09640894 1.95941e-16
8216.13430939 1.8111e-16
8219.17220984 1.8158e-16
8222.21011028 1.85741e-16
8225.24801073 1.78935e-16
8228.28591118 1.92886e-16
8231.32381163 1.96935e-16
8234.36171207 2.02198e-16
8237.39961252 2.00777e-16
8240.43751297 1.97975e-16
8243.47541342 2.05183e-16
8246.51331387 1.99129e-16
8249.55121431 1.91258e-16
8252.58911476 1.90991e-16
8255.62701521 1.97945e-16
8258.66491566 2.13129e-16
8261.7028161 2.01677e-16
8264.74071655 1.99618e-16
8267.778617 2.02916e-16
8270.81651745 2.03085e-16
8273.8544179 2.055e-16
8276.89231834 1.90086e-16
8279.93021879 1.93012e-16
8282.96811924 2.02732e-16
8286.00601969 2.0924e-16
8289.04392014 2.17287e-16
8292.08182058 2.2748e-16
8295.11972103 1.99678e-16
8298.15762148 2.02766e-16
8301.19552193 2.21621e-16
8304.23342237 2.11434e-16
8307.27132282 2.11555e-16
8310.30922327 2.03685e-16
8313.34712372 2.11489e-16
8316.38502417 2.20102e-16
8319.42292461 2.27113e-16
8322.46082506 2.36868e-16
8325.49872551 2.20017e-16
8328.53662596 2.25193e-16
8331.57452641 2.28225e-16
8334.61242685 2.26095e-16
8337.6503273 2.38127e-16
8340.68822775 2.26413e-16
8343.7261282 2.09969e-16
8346.76402864 2.02145e-16
8349.80192909 2.24456e-16
8352.83982954 2.32951e-16
8355.87772999 2.19557e-16
8358.91563044 2.33914e-16
8361.95353088 2.45668e-16
8364.99143133 2.50491e-16
8368.02933178 2.48462e-16
8371.06723223 2.49852e-16
8374.10513268 2.47858e-16
8377.14303312 2.41663e-16
8380.18093357 2.41084e-16
8383.21883402 2.45417e-16
8386.25673447 2.60719e-16
8389.29463491 2.47405e-16
8392.33253536 2.46522e-16
8395.37043581 2.41145e-16
8398.40833626 2.36884e-16
8401.44623671 2.51551e-16
8404.48413715 2.38968e-16
8407.5220376 2.385e-16
8410.55993805 2.41464e-16
8413.5978385 2.36793e-16
8416.63573895 2.39879e-16
8419.67363939 2.47355e-16
8422.71153984 2.33892e-16
8425.74944029 2.3993e-16
8428.78734074 2.49307e-16
8431.82524118 2.49496e-16
8434.86314163 2.49286e-16
8437.90104208 2.50415e-16
8440.93894253 2.64483e-16
8443.97684298 2.70599e-16
8447.01474342 2.49108e-16
8450.05264387 2.48343e-16
8453.09054432 2.56944e-16
8456.12844477 2.57068e-16
8459.16634521 2.48567e-16
8462.20424566 2.46652e-16
8465.24214611 2.62684e-16
8468.28004656 2.48046e-16
8471.31794701 2.48678e-16
8474.35584745 2.50926e-16
8477.3937479 2.45468e-16
8480.43164835 2.50247e-16
8483.4695488 2.50894e-16
8486.50744925 2.48066e-16
8489.54534969 2.50312e-16
8492.58325014 2.61905e-16
8495.62115059 2.60726e-16
8498.65905104 2.46981e-16
8501.69695148 2.45528e-16
8504.73485193 2.53152e-16
8507.77275238 2.59192e-16
8510.81065283 2.51013e-16
8513.84855328 2.49903e-16
8516.88645372 2.48277e-16
8519.92435417 2.45654e-16
8522.96225462 2.47579e-16
8526.00015507 2.59118e-16
8529.03805552 2.57162e-16
8532.07595596 2.40199e-16
8535.11385641 2.33084e-16
8538.15175686 2.49322e-16
8541.18965731 2.59253e-16
8544.22755775 2.48469e-16
8547.2654582 2.47556e-16
8550.30335865 2.5845e-16
8553.3412591 2.58946e-16
8556.37915955 2.42623e-16
8559.41705999 2.37629e-16
8562.45496044 2.47562e-16
8565.49286089 2.51949e-16
8568.53076134 2.45695e-16
8571.56866179 2.44533e-16
8574.60656223 2.43451e-16
8577.64446268 2.44748e-16
8580.68236313 2.50909e-16
8583.72026358 2.56472e-16
8586.75816402 2.57993e-16
8589.79606447 2.42069e-16
8592.83396492 2.57435e-16
8595.87186537 2.48936e-16
8598.90976582 2.38902e-16
8601.94766626 2.50716e-16
8604.98556671 2.48585e-16
8608.02346716 2.39214e-16
8611.06136761 2.38285e-16
8614.09926805 2.51206e-16
8617.1371685 2.46177e-16
8620.17506895 2.34013e-16
8623.2129694 2.31086e-16
8626.25086985 2.33684e-16
8629.28877029 2.40848e-16
8632.32667074 2.37665e-16
8635.36457119 2.17461e-16
8638.40247164 2.32947e-16
8641.44037209 2.44916e-16
8644.47827253 2.22077e-16
8647.51617298 2.21813e-16
8650.55407343 2.35443e-16
8653.59197388 2.2499e-16
8656.62987432 2.21171e-16
8659.66777477 2.33567e-16
8662.70567522 2.39688e-16
8665.74357567 2.38756e-16
8668.78147612 2.27798e-16
8671.81937656 2.17206e-16
8674.85727701 2.20643e-16
8677.89517746 2.26627e-16
8680.93307791 2.12242e-16
8683.97097836 2.22665e-16
8687.0088788 2.29867e-16
8690.04677925 2.21061e-16
8693.0846797 2.13714e-16
8696.12258015 2.32695e-16
8699.16048059 2.31794e-16
8702.19838104 2.35953e-16
8705.23628149 2.28356e-16
8708.27418194 2.16558e-16
8711.31208239 2.2601e-16
8714.34998283 2.11294e-16
8717.38788328 2.13489e-16
8720.42578373 2.28547e-16
8723.46368418 2.22176e-16
8726.50158463 2.10729e-16
8729.53948507 2.16472e-16
8732.57738552 2.18386e-16
8735.61528597 2.13033e-16
8738.65318642 2.15726e-16
8741.69108686 2.23881e-16
8744.72898731 2.08498e-16
8747.76688776 1.88322e-16
8750.80478821 1.93601e-16
8753.84268866 2.25995e-16
8756.8805891 2.39429e-16
8759.91848955 2.19911e-16
8762.95639 1.97961e-16
8765.99429045 2.00948e-16
8769.0321909 2.10685e-16
8772.07009134 2.0144e-16
8775.10799179 1.93649e-16
8778.14589224 1.95547e-16
8781.18379269 2.01856e-16
8784.22169313 2.1663e-16
8787.25959358 2.2279e-16
8790.29749403 2.0768e-16
8793.33539448 1.96026e-16
8796.37329493 2.1249e-16
8799.41119537 1.95064e-16
8802.44909582 1.95805e-16
8805.48699627 1.98987e-16
8808.52489672 2.00617e-16
8811.56279716 1.95326e-16
8814.60069761 1.92456e-16
8817.63859806 2.22992e-16
8820.67649851 2.2361e-16
8823.71439896 1.98302e-16
8826.7522994 1.89695e-16
8829.79019985 1.83916e-16
8832.8281003 1.93174e-16
8835.86600075 2.03058e-16
8838.9039012 1.93385e-16
8841.94180164 2.03167e-16
8844.97970209 1.93485e-16
8848.01760254 1.94677e-16
8851.05550299 1.87683e-16
8854.09340343 1.80438e-16
8857.13130388 1.87158e-16
8860.16920433 1.94135e-16
8863.20710478 2.1222e-16
8866.24500523 2.06419e-16
8869.28290567 1.79596e-16
8872.32080612 1.99829e-16
8875.35870657 2.03403e-16
8878.39660702 1.93319e-16
8881.43450747 1.82874e-16
8884.47240791 1.79849e-16
8887.51030836 1.82746e-16
8890.54820881 1.80091e-16
8893.58610926 1.8715e-16
8896.6240097 1.91602e-16
8899.66191015 1.82609e-16
8902.6998106 1.98868e-16
8905.73771105 2.14446e-16
8908.7756115 2.16149e-16
8911.81351194 2.08679e-16
8914.85141239 1.86191e-16
8917.88931284 1.82194e-16
8920.92721329 1.90346e-16
8923.96511374 1.93579e-16
8927.00301418 1.88725e-16
8930.04091463 1.68886e-16
8933.07881508 1.68861e-16
8936.11671553 1.81207e-16
8939.15461597 1.85025e-16
8942.19251642 1.75332e-16
8945.23041687 1.64832e-16
8948.26831732 1.75889e-16
8951.30621777 1.85168e-16
8954.34411821 1.86782e-16
8957.38201866 1.73339e-16
8960.41991911 1.77491e-16
8963.45781956 1.68853e-16
8966.49572001 1.68934e-16
8969.53362045 1.70686e-16
8972.5715209 1.8028e-16
8975.60942135 1.7416e-16
8978.6473218 1.65007e-16
8981.68522224 1.72433e-16
8984.72312269 1.75687e-16
8987.76102314 1.72014e-16
8990.79892359 1.63562e-16
8993.83682404 1.56734e-16
8996.87472448 1.60265e-16
8999.91262493 1.70917e-16
9002.95052538 1.53074e-16
9005.98842583 1.55308e-16
9009.02632627 1.73168e-16
9012.06422672 1.72554e-16
9015.10212717 1.60083e-16
9018.14002762 1.66538e-16
9021.17792807 1.71217e-16
9024.21582851 1.62432e-16
9027.25372896 1.58776e-16
9030.29162941 1.58424e-16
9033.32952986 1.54038e-16
9036.36743031 1.49839e-16
9039.40533075 1.57911e-16
9042.4432312 1.59792e-16
9045.48113165 1.61399e-16
9048.5190321 1.63421e-16
9051.55693254 1.6439e-16
9054.59483299 1.68002e-16
9057.63273344 1.50814e-16
9060.67063389 1.65468e-16
9063.70853434 1.81126e-16
9066.74643478 1.67118e-16
9069.78433523 1.67279e-16
9072.82223568 1.63505e-16
9075.86013613 1.60213e-16
9078.89803658 1.63018e-16
9081.93593702 1.62914e-16
9084.97383747 1.47026e-16
9088.01173792 1.54374e-16
9091.04963837 1.55046e-16
9094.08753881 1.47594e-16
9097.12543926 1.56835e-16
9100.16333971 1.52738e-16
9103.20124016 1.46243e-16
9106.23914061 1.43005e-16
9109.27704105 1.55765e-16
9112.3149415 1.42669e-16
9115.35284195 1.53908e-16
9118.3907424 1.55798e-16
9121.42864285 1.49724e-16
9124.46654329 1.58977e-16
9127.50444374 1.47356e-16
9130.54234419 1.58451e-16
9133.58024464 1.55172e-16
9136.61814508 1.33021e-16
9139.65604553 1.52868e-16
9142.69394598 1.67355e-16
9145.73184643 1.42894e-16
9148.76974688 1.22139e-16
9151.80764732 1.40456e-16
9154.84554777 1.46168e-16
9157.88344822 1.45915e-16
9160.92134867 1.45731e-16
9163.95924911 1.47769e-16
9166.99714956 1.57421e-16
9170.03505001 1.4019e-16
9173.07295046 1.27355e-16
9176.11085091 1.28993e-16
9179.14875135 1.4229e-16
9182.1866518 1.49554e-16
9185.22455225 1.454e-16
9188.2624527 1.47261e-16
9191.30035315 1.56858e-16
9194.33825359 1.37465e-16
9197.37615404 1.41733e-16
9200.41405449 1.55707e-16
9203.45195494 1.46468e-16
9206.48985538 1.42529e-16
9209.52775583 1.52038e-16
9212.56565628 1.51383e-16
9215.60355673 1.40987e-16
9218.64145718 1.39051e-16
9221.67935762 1.42906e-16
9224.71725807 1.42484e-16
9227.75515852 1.48829e-16
9230.79305897 1.43815e-16
9233.83095942 1.47379e-16
9236.86885986 1.47168e-16
9239.90676031 1.38012e-16
9242.94466076 1.36033e-16
9245.98256121 1.51506e-16
9249.02046165 1.5486e-16
9252.0583621 1.46782e-16
9255.09626255 1.37922e-16
9258.134163 1.28155e-16
9261.17206345 1.28133e-16
9264.20996389 1.29629e-16
9267.24786434 1.29188e-16
9270.28576479 1.33186e-16
9273.32366524 1.2196e-16
9276.36156569 1.28959e-16
9279.39946613 1.45316e-16
9282.43736658 1.45696e-16
9285.47526703 1.3446e-16
9288.51316748 1.26535e-16
9291.55106792 1.35104e-16
9294.58896837 1.43071e-16
9297.62686882 1.23476e-16
9300.66476927 1.36315e-16
9303.70266972 1.33805e-16
9306.74057016 1.23353e-16
9309.77847061 1.26728e-16
9312.81637106 1.37481e-16
9315.85427151 1.3694e-16
9318.89217196 1.29568e-16
9321.9300724 1.10904e-16
9324.96797285 1.1619e-16
9328.0058733 1.01496e-16
9331.04377375 1.1981e-16
9334.08167419 1.35184e-16
9337.11957464 9.32354e-17
9340.15747509 8.7078e-17
9343.19537554 9.24392e-17
9346.23327599 8.2453e-17
9349.27117643 8.63904e-17
9352.30907688 9.20255e-17
9355.34697733 8.95521e-17
9358.38487778 9.01329e-17
9361.42277822 9.10019e-17
9364.46067867 1.0138e-16
9367.49857912 8.21846e-17
9370.53647957 9.04997e-17
9373.57438002 1.06982e-16
9376.61228046 8.33003e-17
9379.65018091 9.81117e-17
9382.68808136 1.08901e-16
9385.72598181 1.00438e-16
9388.76388226 9.95396e-17
9391.8017827 9.59545e-17
9394.83968315 7.5216e-17
9397.8775836 6.70313e-17
9400.91548405 9.58413e-17
9403.95338449 8.81151e-17
9406.99128494 9.15527e-17
9410.02918539 1.0365e-16
9413.06708584 1.19997e-16
9416.10498629 1.10209e-16
9419.14288673 1.09784e-16
9422.18078718 1.15405e-16
9425.21868763 1.21908e-16
9428.25658808 1.23163e-16
9431.29448853 1.10715e-16
9434.33238897 9.75617e-17
9437.37028942 1.00522e-16
9440.40818987 1.00558e-16
9443.44609032 1.00863e-16
9446.48399076 1.04444e-16
9449.52189121 1.0087e-16
9452.55979166 8.80297e-17
9455.59769211 9.02366e-17
9458.63559256 8.30599e-17
9461.673493 9.38607e-17
9464.71139345 1.14939e-16
9467.7492939 6.92429e-17
9470.78719435 6.94414e-17
9473.8250948 9.39259e-17
9476.86299524 9.4993e-17
9479.90089569 1.00777e-16
9482.93879614 1.01885e-16
9485.97669659 9.98002e-17
9489.01459703 1.06713e-16
9492.05249748 9.74965e-17
9495.09039793 1.03755e-16
9498.12829838 8.29733e-17
9501.16619883 6.38702e-17
9504.20409927 8.17605e-17
9507.24199972 9.02162e-17
9510.27990017 9.28593e-17
9513.31780062 8.99867e-17
9516.35570107 7.34666e-17
9519.39360151 6.99979e-17
9522.43150196 6.85898e-17
9525.46940241 7.96509e-17
9528.50730286 9.4233e-17
9531.5452033 1.04469e-16
9534.58310375 1.0181e-16
9537.6210042 9.87161e-17
9540.65890465 1.02262e-16
9543.6968051 9.3455e-17
9546.73470554 8.93004e-17
9549.77260599 9.34866e-17
9552.81050644 7.36015e-17
9555.84840689 7.80573e-17
9558.88630733 7.66227e-17
9561.92420778 8.0169e-17
9564.96210823 8.95892e-17
9568.00000868 8.18366e-17
9571.03790913 7.66796e-17
9574.07580957 9.65322e-17
9577.11371002 8.62005e-17
9580.15161047 9.31287e-17
9583.18951092 7.00006e-17
9586.22741137 5.26644e-17
9589.26531181 7.70952e-17
9592.30321226 8.9835e-17
9595.34111271 7.2522e-17
9598.37901316 7.30515e-17
9601.4169136 1.0251e-16
9604.45481405 8.51962e-17
9607.4927145 7.54789e-17
9610.53061495 8.5622e-17
9613.5685154 8.21414e-17
9616.60641584 8.68617e-17
9619.64431629 9.39636e-17
9622.68221674 8.70681e-17
9625.72011719 8.947e-17
9628.75801764 8.34466e-17
9631.79591808 7.43206e-17
9634.83381853 6.2315e-17
9637.87171898 7.41593e-17
9640.90961943 7.13202e-17
9643.94751987 6.39968e-17
9646.98542032 6.38639e-17
9650.02332077 6.28133e-17
9653.06122122 5.84981e-17
9656.09912167 6.21531e-17
9659.13702211 6.22296e-17
