# 58910.13829422454
3650.93  1.547780E-16
3654.46518879056  8.634765E-17
3658.00037758112  8.030693E-17
3661.53556637168  -9.877157E-17
3665.07075516224  -3.741603E-17
3668.6059439528  2.354500E-17
3672.14113274336  7.247649E-17
3675.67632153392  1.542346E-16
3679.21151032449  9.510394E-17
3682.74669911505  1.608820E-16
3686.28188790561  1.499699E-16
3689.81707669617  9.320510E-17
3693.35226548673  6.722194E-17
3696.88745427729  8.065912E-17
3700.42264306785  4.888271E-17
3703.95783185841  5.159077E-17
3707.49302064897  1.078745E-17
3711.02820943953  5.889492E-17
3714.56339823009  5.463702E-17
3718.09858702065  6.661814E-17
3721.63377581121  3.471172E-17
3725.16896460177  -1.766461E-17
3728.70415339233  9.470895E-17
3732.23934218289  5.111468E-17
3735.77453097345  1.180889E-17
3739.30971976401  1.180653E-16
3742.84490855457  1.274682E-16
3746.38009734514  5.769589E-17
3749.9152861357  4.592455E-17
3753.45047492626  1.126900E-16
3756.98566371682  1.284405E-16
3760.52085250738  8.134043E-17
3764.05604129794  1.024255E-16
3767.5912300885  1.452178E-16
3771.12641887906  1.006910E-16
3774.66160766962  8.134446E-17
3778.19679646018  1.328758E-16
3781.73198525074  1.245425E-16
3785.2671740413  3.296081E-17
3788.80236283186  2.169352E-17
3792.33755162242  1.045205E-16
3795.87274041298  1.247359E-16
3799.40792920354  7.060932E-17
3802.9431179941  1.445555E-16
3806.47830678466  1.479400E-16
3810.01349557522  1.490122E-16
3813.54868436578  1.424910E-16
3817.08387315635  1.018423E-16
3820.61906194691  1.496225E-16
3824.15425073747  1.548673E-16
3827.68943952803  1.622518E-16
3831.22462831859  1.456509E-16
3834.75981710915  1.098476E-16
3838.29500589971  9.914020E-17
3841.83019469027  1.781531E-16
3845.36538348083  1.515060E-16
3848.90057227139  1.128489E-16
3852.43576106195  1.460092E-16
3855.97094985251  1.130191E-16
3859.50613864307  1.596141E-16
3863.04132743363  1.316365E-16
3866.57651622419  1.317073E-16
3870.11170501475  9.778864E-17
3873.64689380531  1.146082E-16
3877.18208259587  1.269914E-16
3880.71727138643  9.693343E-17
3884.25246017699  1.141428E-16
3887.78764896756  1.321963E-16
3891.32283775812  1.149504E-16
3894.85802654868  1.031321E-16
3898.39321533924  1.661238E-16
3901.9284041298  1.322702E-16
3905.46359292036  1.280790E-16
3908.99878171092  9.376263E-17
3912.53397050148  1.251503E-16
3916.06915929204  1.710558E-16
3919.6043480826  1.180863E-16
3923.13953687316  1.365793E-16
3926.67472566372  1.525063E-16
3930.20991445428  1.477796E-16
3933.74510324484  1.424310E-16
3937.2802920354  1.370824E-16
3940.81548082596  1.317338E-16
3944.35066961652  1.263853E-16
3947.88585840708  1.000215E-16
3951.42104719764  1.529703E-16
3954.9562359882  1.291278E-16
3958.49142477877  1.179458E-16
3962.02661356933  1.455071E-16
3965.56180235989  1.466006E-16
3969.09699115045  1.193045E-16
3972.63217994101  8.462074E-17
3976.16736873157  1.147673E-16
3979.70255752213  1.432374E-16
3983.23774631269  9.939288E-17
3986.77293510325  1.459184E-16
3990.30812389381  1.656669E-16
3993.84331268437  1.337625E-16
3997.37850147493  1.485098E-16
4000.91369026549  1.414911E-16
4004.44887905605  1.356996E-16
4007.98406784661  1.646965E-16
4011.51925663717  1.145942E-16
4015.05444542773  1.547998E-16
4018.58963421829  1.234799E-16
4022.12482300885  1.170546E-16
4025.66001179942  1.506620E-16
4029.19520058998  1.395652E-16
4032.73038938054  1.314351E-16
4036.2655781711  1.438146E-16
4039.80076696166  1.256684E-16
4043.33595575222  1.171530E-16
4046.87114454278  1.545431E-16
4050.40633333334  1.163453E-16
4053.9415221239  1.496675E-16
4057.47671091446  1.496166E-16
4061.01189970502  1.369589E-16
4064.54708849558  1.532653E-16
4068.08227728614  1.285085E-16
4071.6174660767  1.564035E-16
4075.15265486726  1.518440E-16
4078.68784365782  1.403050E-16
4082.22303244838  1.151982E-16
4085.75822123895  1.298273E-16
4089.29341002951  9.752691E-17
4092.82859882006  1.088243E-16
4096.36378761063  1.265579E-16
4099.89897640119  1.266767E-16
4103.43416519175  1.204330E-16
4106.96935398231  1.342722E-16
4110.50454277287  9.873480E-17
4114.03973156343  1.039519E-16
4117.57492035399  1.307369E-16
4121.11010914455  1.129915E-16
4124.64529793511  1.177216E-16
4128.18048672567  1.460753E-16
4131.71567551623  1.228394E-16
4135.25086430679  1.490877E-16
4138.78605309735  1.441117E-16
4142.32124188791  1.378186E-16
4145.85643067847  1.416463E-16
4149.39161946903  1.168363E-16
4152.92680825959  1.188061E-16
4156.46199705015  1.156823E-16
4159.99718584071  1.380658E-16
4163.53237463128  1.244538E-16
4167.06756342184  1.250457E-16
4170.6027522124  1.171676E-16
4174.13794100296  1.405242E-16
4177.67312979352  1.328654E-16
4181.20831858408  1.436533E-16
4184.74350737464  1.465967E-16
4188.2786961652  1.471304E-16
4191.81388495576  1.366203E-16
4195.34907374632  1.415727E-16
4198.88426253688  1.233365E-16
4202.41945132744  1.369162E-16
4205.954640118  1.516515E-16
4209.48982890856  1.343848E-16
4213.02501769912  1.253092E-16
4216.56020648968  1.616819E-16
4220.09539528024  1.436284E-16
4223.6305840708  1.345898E-16
4227.16577286136  1.461240E-16
4230.70096165193  1.617729E-16
4234.23615044249  1.533358E-16
4237.77133923305  1.340228E-16
4241.30652802361  1.435236E-16
4244.84171681417  1.475641E-16
4248.37690560473  1.448011E-16
4251.91209439529  1.434259E-16
4255.44728318585  1.162217E-16
4258.98247197641  1.292323E-16
4262.51766076697  1.273987E-16
4266.05284955753  1.336330E-16
4269.58803834809  1.506920E-16
4273.12322713865  1.513940E-16
4276.65841592921  1.378800E-16
4280.19360471977  1.289461E-16
4283.72879351033  1.527553E-16
4287.26398230089  1.634604E-16
4290.79917109145  1.636527E-16
4294.33435988202  1.331802E-16
4297.86954867258  1.461005E-16
4301.40473746314  1.586330E-16
4304.9399262537  1.284840E-16
4308.47511504426  1.510113E-16
4312.01030383482  1.503068E-16
4315.54549262538  1.488911E-16
4319.08068141594  1.723962E-16
4322.6158702065  1.578370E-16
4326.15105899706  1.524267E-16
4329.68624778762  1.578989E-16
4333.22143657818  1.569033E-16
4336.75662536874  1.538654E-16
4340.2918141593  1.594359E-16
4343.82700294986  1.682367E-16
4347.36219174042  1.558053E-16
4350.89738053098  1.750320E-16
4354.43256932154  1.527052E-16
4357.9677581121  1.750406E-16
4361.50294690267  1.699321E-16
4365.03813569322  1.659411E-16
4368.57332448379  1.564953E-16
4372.10851327435  1.624484E-16
4375.64370206491  1.670872E-16
4379.17889085547  1.806948E-16
4382.71407964603  1.601866E-16
4386.24926843659  1.786856E-16
4389.78445722715  1.683274E-16
4393.31964601771  1.803530E-16
4396.85483480827  1.763201E-16
4400.39002359883  1.774779E-16
4403.92521238939  1.736998E-16
4407.46040117995  1.886067E-16
4410.99558997051  1.819963E-16
4414.53077876107  1.642212E-16
4418.06596755163  1.798427E-16
4421.60115634219  1.923260E-16
4425.13634513275  1.867156E-16
4428.67153392331  1.858241E-16
4432.20672271387  1.770633E-16
4435.74191150444  1.923528E-16
4439.277100295  2.130838E-16
4442.81228908556  2.096319E-16
4446.34747787612  2.019371E-16
4449.88266666668  2.263269E-16
4453.41785545724  2.245648E-16
4456.9530442478  1.989320E-16
4460.48823303836  2.011420E-16
4464.02342182892  2.177775E-16
4467.55861061948  2.222770E-16
4471.09379941004  1.988026E-16
4474.6289882006  2.106540E-16
4478.16417699116  2.128005E-16
4481.69936578172  2.048667E-16
4485.23455457228  2.165074E-16
4488.76974336284  2.034473E-16
4492.3049321534  2.008438E-16
4495.84012094396  2.235747E-16
4499.37530973452  2.126623E-16
4502.91049852508  2.190564E-16
4506.44568731565  2.076519E-16
4509.98087610621  1.893752E-16
4513.51606489677  2.050672E-16
4517.05125368733  2.014188E-16
4520.58644247789  1.943529E-16
4524.12163126845  2.125652E-16
4527.65682005901  2.102557E-16
4531.19200884957  2.086521E-16
4534.72719764013  2.180012E-16
4538.26238643069  2.157478E-16
4541.79757522125  2.169536E-16
4545.33276401181  2.090210E-16
4548.86795280237  2.133197E-16
4552.40314159293  2.195788E-16
4555.93833038349  2.110709E-16
4559.47351917405  2.130895E-16
4563.00870796461  2.126651E-16
4566.54389675517  2.168597E-16
4570.07908554573  2.178873E-16
4573.6142743363  2.033494E-16
4577.14946312686  2.151513E-16
4580.68465191742  1.970488E-16
4584.21984070798  2.107204E-16
4587.75502949854  2.113243E-16
4591.2902182891  1.971095E-16
4594.82540707966  1.991233E-16
4598.36059587022  2.196160E-16
4601.89578466078  2.022112E-16
4605.43097345134  1.935529E-16
4608.9661622419  2.023385E-16
4612.50135103246  1.967347E-16
4616.03653982302  2.069676E-16
4619.57172861358  2.001198E-16
4623.10691740414  2.107344E-16
4626.6421061947  1.955657E-16
4630.17729498526  2.111571E-16
4633.71248377582  1.994449E-16
4637.24767256638  1.988864E-16
4640.78286135695  1.933900E-16
4644.31805014751  1.941915E-16
4647.85323893807  1.977487E-16
4651.38842772863  1.931233E-16
4654.92361651919  1.887359E-16
4658.45880530975  1.791035E-16
4661.99399410031  1.833852E-16
4665.52918289087  1.935119E-16
4669.06437168143  2.000093E-16
4672.59956047199  1.918874E-16
4676.13474926255  1.793618E-16
4679.66993805311  1.856482E-16
4683.20512684367  2.022438E-16
4686.74031563423  1.918360E-16
4690.27550442479  1.778709E-16
4693.81069321535  1.831689E-16
4697.34588200591  1.760055E-16
4700.88107079647  1.735311E-16
4704.41625958704  1.763263E-16
4707.9514483776  1.818563E-16
4711.48663716815  1.842511E-16
4715.02182595872  1.846352E-16
4718.55701474928  1.765237E-16
4722.09220353984  1.717129E-16
4725.6273923304  1.716172E-16
4729.16258112096  1.732486E-16
4732.69776991152  1.669315E-16
4736.23295870208  1.828015E-16
4739.76814749264  1.818921E-16
4743.3033362832  1.954538E-16
4746.83852507376  1.983737E-16
4750.37371386432  1.898891E-16
4753.90890265488  1.855524E-16
4757.44409144544  1.839869E-16
4760.979280236  1.961137E-16
4764.51446902656  1.877576E-16
4768.04965781713  1.890318E-16
4771.58484660768  1.933773E-16
4775.12003539824  1.943039E-16
4778.65522418881  1.881544E-16
4782.19041297936  1.825211E-16
4785.72560176993  1.865255E-16
4789.26079056049  1.997549E-16
4792.79597935105  2.025852E-16
4796.33116814161  2.058933E-16
4799.86635693217  2.056985E-16
4803.40154572273  1.994502E-16
4806.93673451329  1.995408E-16
4810.47192330385  2.155458E-16
4814.00711209441  2.208471E-16
4817.54230088497  2.189973E-16
4821.07748967553  2.062121E-16
4824.61267846609  2.090896E-16
4828.14786725665  2.193120E-16
4831.68305604721  2.133192E-16
4835.21824483777  2.185237E-16
4838.75343362833  2.143536E-16
4842.28862241889  2.182681E-16
4845.82381120945  2.326869E-16
4849.35900000001  2.260324E-16
4852.89418879058  2.196808E-16
4856.42937758114  2.192694E-16
4859.9645663717  2.187552E-16
4863.49975516226  2.179049E-16
4867.03494395282  2.097366E-16
4870.57013274338  2.011383E-16
4874.10532153394  2.041970E-16
4877.6405103245  2.131690E-16
4881.17569911506  2.188235E-16
4884.71088790562  2.110778E-16
4888.24607669618  2.156317E-16
4891.78126548674  2.260932E-16
4895.3164542773  2.090767E-16
4898.85164306786  2.108535E-16
4902.38683185842  2.061107E-16
4905.92202064898  2.045992E-16
4909.45720943954  2.113505E-16
4912.9923982301  2.068713E-16
4916.52758702067  2.126029E-16
4920.06277581123  2.158894E-16
4923.59796460179  2.069831E-16
4927.13315339235  2.140193E-16
4930.66834218291  2.100858E-16
4934.20353097347  2.175658E-16
4937.73871976403  2.096202E-16
4941.27390855459  2.079409E-16
4944.80909734515  2.055678E-16
4948.34428613571  2.109057E-16
4951.87947492627  1.904139E-16
4955.41466371683  1.926608E-16
4958.94985250739  2.057881E-16
4962.48504129795  2.031912E-16
4966.02023008851  2.042970E-16
4969.55541887907  2.304861E-16
4973.09060766963  2.305991E-16
4976.62579646019  2.170235E-16
4980.16098525075  2.177111E-16
4983.69617404132  2.080545E-16
4987.23136283188  2.237564E-16
4990.76655162243  2.214720E-16
4994.301740413  2.209786E-16
4997.83692920356  2.272647E-16
5001.37211799412  2.221842E-16
5004.90730678468  2.176510E-16
5008.44249557524  2.231432E-16
5011.9776843658  2.281062E-16
5015.51287315636  2.130950E-16
5019.04806194692  2.190313E-16
5022.58325073748  2.207161E-16
5026.11843952804  2.202324E-16
5029.6536283186  2.061733E-16
5033.18881710916  1.984762E-16
5036.72400589972  2.055976E-16
5040.25919469028  2.109102E-16
5043.79438348084  2.074285E-16
5047.3295722714  2.172866E-16
5050.86476106196  2.178662E-16
5054.39994985253  2.147398E-16
5057.93513864309  2.213683E-16
5061.47032743365  2.236867E-16
5065.00551622421  2.241828E-16
5068.54070501477  2.359573E-16
5072.07589380533  2.405089E-16
5075.61108259589  2.415028E-16
5079.14627138645  2.641104E-16
5082.68146017701  2.565117E-16
5086.21664896757  2.578383E-16
5089.75183775813  2.641437E-16
5093.28702654869  2.612634E-16
5096.82221533925  2.577943E-16
5100.35740412981  2.447829E-16
5103.89259292037  2.530633E-16
5107.42778171093  2.387517E-16
5110.96297050149  2.408505E-16
5114.49815929205  2.614001E-16
5118.03334808262  2.597867E-16
5121.56853687318  2.818238E-16
5125.10372566374  2.809932E-16
5128.6389144543  2.885072E-16
5132.17410324486  2.969012E-16
5135.70929203542  3.160234E-16
5139.24448082598  3.148497E-16
5142.77966961654  3.074273E-16
5146.3148584071  3.004377E-16
5149.85004719766  2.906675E-16
5153.38523598822  2.753500E-16
5156.92042477878  2.576492E-16
5160.45561356934  2.630559E-16
5163.9908023599  2.679896E-16
5167.52599115046  2.668617E-16
5171.06117994102  2.631918E-16
5174.59636873158  2.639058E-16
5178.13155752214  2.743599E-16
5181.66674631271  2.601461E-16
5185.20193510327  2.758662E-16
5188.73712389383  2.718742E-16
5192.27231268439  2.734741E-16
5195.80750147495  2.691931E-16
5199.34269026551  2.707850E-16
5202.87787905607  2.585529E-16
5206.41306784663  2.732437E-16
5209.94825663719  2.840508E-16
5213.48344542775  2.898638E-16
5217.01863421831  2.987961E-16
5220.55382300887  2.885343E-16
5224.08901179943  2.880098E-16
5227.62420058999  3.025507E-16
5231.15938938055  2.969531E-16
5234.69457817111  2.992723E-16
5238.22976696167  2.950791E-16
5241.76495575223  2.925265E-16
5245.30014454279  2.886506E-16
5248.83533333335  2.989464E-16
5252.37052212391  2.952293E-16
5255.90571091448  2.948138E-16
5259.44089970503  2.987330E-16
5262.9760884956  3.047399E-16
5266.51127728616  2.983765E-16
5270.04646607672  2.994764E-16
5273.58165486728  2.980186E-16
5277.11684365784  2.938138E-16
5280.6520324484  3.003847E-16
5284.18722123896  3.028177E-16
5287.72241002952  3.053720E-16
5291.25759882008  3.018442E-16
5294.79278761064  2.996295E-16
5298.3279764012  3.036438E-16
5301.86316519176  3.028692E-16
5305.39835398232  3.041074E-16
5308.93354277288  3.125646E-16
5312.46873156344  3.128418E-16
5316.003920354  3.158230E-16
5319.53910914456  3.014487E-16
5323.07429793512  3.075240E-16
5326.60948672569  3.175509E-16
5330.14467551625  3.221697E-16
5333.67986430681  3.264761E-16
5337.21505309737  3.271935E-16
5340.75024188793  3.441969E-16
5344.28543067849  3.301864E-16
5347.82061946905  3.320343E-16
5351.35580825961  3.260936E-16
5354.89099705017  3.288143E-16
5358.42618584073  3.239898E-16
5361.96137463129  3.231095E-16
5365.49656342185  3.343990E-16
5369.03175221241  3.419137E-16
5372.56694100297  3.320890E-16
5376.10212979353  3.384304E-16
5379.63731858409  3.356392E-16
5383.17250737465  3.439141E-16
5386.70769616521  3.443807E-16
5390.24288495578  3.432300E-16
5393.77807374633  3.490017E-16
5397.3132625369  3.506866E-16
5400.84845132746  3.498645E-16
5404.38364011802  3.582446E-16
5407.91882890858  3.680465E-16
5411.45401769914  3.779144E-16
5414.9892064897  3.682975E-16
5418.52439528026  3.503713E-16
5422.05958407082  3.634330E-16
5425.59477286138  3.584481E-16
5429.12996165194  3.586969E-16
5432.6651504425  3.587007E-16
5436.20033923306  3.757803E-16
5439.73552802362  3.857771E-16
5443.27071681418  3.786158E-16
5446.80590560474  3.861203E-16
5450.3410943953  3.898842E-16
5453.87628318587  3.788665E-16
5457.41147197642  3.858505E-16
5460.94666076698  3.865736E-16
5464.48184955755  3.885476E-16
5468.01703834811  3.868201E-16
5471.55222713867  3.963577E-16
5475.08741592923  3.741576E-16
5478.62260471979  3.946822E-16
5482.15779351035  3.996178E-16
5485.69298230091  3.982605E-16
5489.22817109147  3.999611E-16
5492.76335988203  4.060228E-16
5496.29854867259  3.946557E-16
5499.83373746315  3.977192E-16
5503.36892625371  3.975451E-16
5506.90411504427  4.031881E-16
5510.43930383483  4.061144E-16
5513.97449262539  4.030939E-16
5517.50968141595  4.220213E-16
5521.04487020651  4.002448E-16
5524.58005899707  4.031481E-16
5528.11524778764  4.049270E-16
5531.6504365782  4.169179E-16
5535.18562536876  4.086907E-16
5538.72081415932  4.055480E-16
5542.25600294988  4.047563E-16
5545.79119174044  4.004585E-16
5549.326380531  4.101548E-16
5552.86156932156  4.075613E-16
5556.39675811212  4.270741E-16
5559.93194690268  4.007613E-16
5563.46713569324  3.909382E-16
5567.0023244838  3.884688E-16
5570.53751327436  3.754875E-16
5574.07270206492  3.853628E-16
5577.60789085548  4.026071E-16
5581.14307964604  3.856057E-16
5584.6782684366  3.866921E-16
5588.21345722717  3.925673E-16
5591.74864601772  4.018746E-16
5595.28383480829  4.054321E-16
5598.81902359885  4.066654E-16
5602.35421238941  4.106775E-16
5605.88940117997  3.992130E-16
5609.42458997053  4.000035E-16
5612.95977876109  4.013068E-16
5616.49496755165  4.102565E-16
5620.03015634221  4.022818E-16
5623.56534513277  3.937407E-16
5627.10053392333  3.849626E-16
5630.63572271389  3.958322E-16
5634.17091150445  4.018291E-16
5637.70610029501  3.908349E-16
5641.24128908557  3.936193E-16
5644.77647787613  3.951609E-16
5648.31166666669  4.009559E-16
5651.84685545725  4.001708E-16
5655.38204424781  3.881294E-16
5658.91723303837  3.907510E-16
5662.45242182893  4.003122E-16
5665.98761061949  3.945704E-16
5669.52279941006  3.765295E-16
5673.05798820062  3.935406E-16
5676.59317699118  3.920876E-16
5680.12836578174  3.882925E-16
5683.6635545723  3.896223E-16
5687.19874336286  3.795143E-16
5690.73393215342  3.715407E-16
5694.26912094398  3.762639E-16
5697.80430973454  3.813179E-16
5701.3394985251  3.795577E-16
5704.87468731566  3.737860E-16
5708.40987610622  3.746368E-16
5711.94506489678  3.787924E-16
5715.48025368734  3.738033E-16
5719.0154424779  3.801220E-16
5722.55063126846  3.829830E-16
5726.08582005902  3.807314E-16
5729.62100884958  3.845033E-16
5733.15619764014  3.781796E-16
5736.69138643071  3.757427E-16
5740.22657522127  3.762507E-16
5743.76176401183  3.768935E-16
5747.29695280239  3.682274E-16
5750.83214159295  3.774641E-16
5754.36733038351  3.855216E-16
5757.90251917407  3.797548E-16
5761.43770796463  3.729969E-16
5764.97289675519  3.669153E-16
5768.50808554575  3.779062E-16
5772.04327433631  3.849226E-16
5775.57846312687  3.803795E-16
5779.11365191743  3.682060E-16
5782.64884070799  3.708614E-16
5786.18402949855  3.744690E-16
5789.71921828911  3.810730E-16
5793.25440707967  3.672093E-16
5796.78959587023  3.574694E-16
5800.3247846608  3.765850E-16
5803.85997345135  3.731791E-16
5807.39516224192  3.661251E-16
5810.93035103248  3.686751E-16
5814.46553982304  3.567547E-16
5818.0007286136  3.538376E-16
5821.53591740416  3.655652E-16
5825.07110619472  3.779700E-16
5828.60629498528  3.756779E-16
5832.14148377584  3.597045E-16
5835.6766725664  3.482740E-16
5839.21186135696  3.610131E-16
5842.74705014752  3.634717E-16
5846.28223893808  3.494130E-16
5849.81742772864  3.504511E-16
5853.3526165192  3.477315E-16
5856.88780530976  3.501025E-16
5860.42299410032  3.576606E-16
5863.95818289088  3.641249E-16
5867.49337168144  3.560606E-16
5871.02856047201  3.408966E-16
5874.56374926257  3.424722E-16
5878.09893805313  3.503652E-16
5881.63412684369  3.494833E-16
5885.16931563425  3.325886E-16
5888.70450442481  3.418287E-16
5892.23969321537  3.484753E-16
5895.77488200593  3.395380E-16
5899.31007079649  3.307206E-16
5902.84525958705  3.418430E-16
5906.38044837761  3.485708E-16
5909.91563716817  3.337301E-16
5913.45082595873  3.268342E-16
5916.98601474929  3.145324E-16
5920.52120353985  3.122041E-16
5924.05639233041  3.182832E-16
5927.59158112097  3.276613E-16
5931.12676991153  3.334284E-16
5934.6619587021  3.255947E-16
5938.19714749265  3.310139E-16
5941.73233628321  3.335047E-16
5945.26752507378  3.243663E-16
5948.80271386434  3.357737E-16
5952.3379026549  3.322717E-16
5955.87309144546  3.245527E-16
5959.40828023602  3.238011E-16
5962.94346902658  3.281577E-16
5966.47865781714  3.274202E-16
5970.0138466077  3.182321E-16
5973.54903539826  3.200784E-16
5977.08422418882  3.320293E-16
5980.61941297938  3.356548E-16
5984.15460176994  3.348567E-16
5987.6897905605  3.121990E-16
5991.22497935106  3.069133E-16
5994.76016814162  2.997456E-16
5998.29535693218  3.030296E-16
6001.83054572274  3.081894E-16
6005.3657345133  3.014874E-16
6008.90092330387  3.075141E-16
6012.43611209443  3.178261E-16
6015.97130088499  3.172231E-16
6019.50648967555  3.280652E-16
6023.04167846611  3.252259E-16
6026.57686725667  3.067861E-16
6030.11205604723  3.011438E-16
6033.64724483779  3.045802E-16
6037.18243362835  3.121951E-16
6040.71762241891  3.152670E-16
6044.25281120947  3.160575E-16
6047.78800000003  3.105127E-16
6051.32318879059  3.060424E-16
6054.85837758115  3.182288E-16
6058.39356637171  3.146022E-16
6061.92875516227  2.982198E-16
6065.46394395283  3.041008E-16
6068.99913274339  3.099604E-16
6072.53432153395  3.096876E-16
6076.06951032451  3.053266E-16
6079.60469911508  3.031820E-16
6083.13988790564  3.078009E-16
6086.6750766962  2.974362E-16
6090.21026548676  2.912230E-16
6093.74545427732  2.948542E-16
6097.28064306788  2.954270E-16
6100.81583185844  2.967562E-16
6104.351020649  3.001883E-16
6107.88620943956  3.054961E-16
6111.42139823012  3.088570E-16
6114.95658702068  3.031332E-16
6118.49177581124  2.872882E-16
6122.0269646018  2.881372E-16
6125.56215339236  2.948843E-16
6129.09734218292  2.991576E-16
6132.63253097348  3.095879E-16
6136.16771976404  3.114946E-16
6139.7029085546  2.988456E-16
6143.23809734516  2.929844E-16
6146.77328613573  2.940229E-16
6150.30847492629  2.913822E-16
6153.84366371685  2.845375E-16
6157.37885250741  2.762463E-16
6160.91404129797  2.803183E-16
6164.44923008853  2.950688E-16
6167.98441887909  3.079279E-16
6171.51960766965  2.900826E-16
6175.05479646021  2.880426E-16
6178.58998525077  2.898720E-16
6182.12517404133  2.786351E-16
6185.66036283189  2.871133E-16
6189.19555162245  2.869173E-16
6192.73074041301  2.846028E-16
6196.26592920357  2.868504E-16
6199.80111799413  2.782234E-16
6203.33630678469  2.852170E-16
6206.87149557525  2.773659E-16
6210.40668436581  2.735121E-16
6213.94187315638  2.910089E-16
6217.47706194694  2.864882E-16
6221.0122507375  2.853949E-16
6224.54743952806  2.791875E-16
6228.08262831862  2.766044E-16
6231.61781710918  2.905922E-16
6235.15300589974  2.974837E-16
6238.6881946903  2.920346E-16
6242.22338348086  2.921117E-16
6245.75857227142  2.830543E-16
6249.29376106198  2.769953E-16
6252.82894985254  2.808183E-16
6256.3641386431  2.925169E-16
6259.89932743366  2.945620E-16
6263.43451622422  2.853834E-16
6266.96970501478  2.809228E-16
6270.50489380534  2.760275E-16
6274.0400825959  2.808675E-16
6277.57527138646  2.605369E-16
6281.11046017702  2.741867E-16
6284.64564896759  2.666485E-16
6288.18083775815  2.682231E-16
6291.71602654871  2.726732E-16
6295.25121533927  2.679254E-16
6298.78640412983  2.681899E-16
6302.32159292039  2.684642E-16
6305.85678171095  2.722761E-16
6309.39197050151  2.609987E-16
6312.92715929207  2.734200E-16
6316.46234808263  2.714660E-16
6319.99753687319  2.714093E-16
6323.53272566375  2.734782E-16
6327.06791445431  2.787874E-16
6330.60310324487  2.821246E-16
6334.13829203543  2.770567E-16
6337.67348082599  2.735930E-16
6341.20866961655  2.757607E-16
6344.74385840711  2.794026E-16
6348.27904719767  2.742562E-16
6351.81423598823  2.905124E-16
6355.3494247788  2.900666E-16
6358.88461356936  2.805299E-16
6362.41980235992  2.832394E-16
6365.95499115048  2.920383E-16
6369.49017994104  2.846450E-16
6373.0253687316  2.854365E-16
6376.56055752216  2.950842E-16
6380.09574631272  2.903097E-16
6383.63093510328  2.923963E-16
6387.16612389384  2.930404E-16
6390.7013126844  2.940625E-16
6394.23650147496  2.993465E-16
6397.77169026552  3.039228E-16
6401.30687905608  3.060156E-16
6404.84206784664  2.990515E-16
6408.3772566372  2.944288E-16
6411.91244542776  2.958392E-16
6415.44763421832  2.990719E-16
6418.98282300889  2.950171E-16
6422.51801179944  2.948017E-16
6426.05320059001  2.987233E-16
6429.58838938057  3.022584E-16
6433.12357817113  3.006013E-16
6436.65876696169  3.022391E-16
6440.19395575225  3.079749E-16
6443.72914454281  3.024909E-16
6447.26433333337  2.981949E-16
6450.79952212393  2.961400E-16
6454.33471091449  2.991930E-16
6457.86989970505  3.008402E-16
6461.40508849561  3.028199E-16
6464.94027728617  2.964828E-16
6468.47546607673  2.967805E-16
6472.01065486729  3.023908E-16
6475.54584365785  3.089093E-16
6479.08103244841  3.175182E-16
6482.61622123897  3.096288E-16
6486.15141002953  3.093232E-16
6489.6865988201  3.064678E-16
6493.22178761066  3.066869E-16
6496.75697640122  3.154482E-16
6500.29216519178  3.110858E-16
6503.82735398234  2.934955E-16
6507.3625427729  3.090976E-16
6510.89773156346  3.113265E-16
6514.43292035402  3.142419E-16
6517.96810914458  3.159972E-16
6521.50329793514  3.113696E-16
6525.0384867257  3.140260E-16
6528.57367551626  3.136710E-16
6532.10886430682  3.125522E-16
6535.64405309738  3.278679E-16
6539.17924188794  3.160929E-16
6542.7144306785  3.223145E-16
6546.24961946906  3.295506E-16
6549.78480825962  3.131572E-16
6553.31999705019  3.125714E-16
6556.85518584074  3.174171E-16
6560.3903746313  3.151404E-16
6563.92556342186  3.151204E-16
6567.46075221243  3.158951E-16
6570.99594100299  3.084341E-16
6574.53112979355  3.052271E-16
6578.06631858411  3.117101E-16
6581.60150737467  3.217196E-16
6585.13669616523  3.230240E-16
6588.67188495579  3.208716E-16
6592.20707374635  3.148192E-16
6595.74226253691  3.159619E-16
6599.27745132747  3.230350E-16
6602.81264011803  3.202078E-16
6606.34782890859  3.166640E-16
6609.88301769915  3.143554E-16
6613.41820648971  3.257668E-16
6616.95339528027  3.250280E-16
6620.48858407083  3.147251E-16
6624.0237728614  3.190586E-16
6627.55896165196  3.320277E-16
6631.09415044252  3.360778E-16
6634.62933923308  3.197130E-16
6638.16452802364  3.192228E-16
6641.6997168142  3.231463E-16
6645.23490560476  3.287663E-16
6648.77009439532  3.202280E-16
6652.30528318588  3.179602E-16
6655.84047197644  3.252278E-16
6659.375660767  3.188057E-16
6662.91084955756  3.134494E-16
6666.44603834812  3.245873E-16
6669.98122713868  3.186169E-16
6673.51641592924  3.268145E-16
6677.0516047198  3.345586E-16
6680.58679351036  3.258886E-16
6684.12198230092  3.231789E-16
6687.65717109148  3.255798E-16
6691.19235988204  3.241742E-16
6694.72754867261  3.302650E-16
6698.26273746317  3.271758E-16
6701.79792625373  3.199728E-16
6705.33311504429  3.091152E-16
6708.86830383485  3.188089E-16
6712.40349262541  3.170712E-16
6715.93868141597  3.093412E-16
6719.47387020653  3.138608E-16
6723.00905899709  3.332264E-16
6726.54424778765  3.497035E-16
6730.07943657821  3.500034E-16
6733.61462536877  3.437869E-16
6737.14981415933  3.500728E-16
6740.68500294989  3.657441E-16
6744.22019174045  3.597410E-16
6747.75538053101  3.563274E-16
6751.29056932157  3.611661E-16
6754.82575811213  3.397885E-16
6758.36094690269  3.241819E-16
6761.89613569325  3.191945E-16
6765.43132448381  3.113647E-16
6768.96651327438  3.230313E-16
6772.50170206494  3.218148E-16
6776.0368908555  3.085165E-16
6779.57207964606  3.186311E-16
6783.10726843662  3.247934E-16
6786.64245722718  3.139135E-16
6790.17764601774  3.037226E-16
6793.7128348083  3.023697E-16
6797.24802359886  2.963521E-16
6800.78321238942  3.059509E-16
6804.31840117998  3.162839E-16
6807.85358997054  3.145796E-16
6811.3887787611  3.062666E-16
6814.92396755166  3.214364E-16
6818.45915634222  3.256445E-16
6821.99434513278  3.180951E-16
6825.52953392334  3.131463E-16
6829.0647227139  3.029422E-16
6832.59991150447  2.967673E-16
6836.13510029503  3.017795E-16
6839.67028908559  3.174483E-16
6843.20547787615  3.077168E-16
6846.74066666671  3.029676E-16
6850.27585545727  2.957403E-16
6853.81104424783  3.048937E-16
6857.34623303839  3.123396E-16
6860.88142182895  2.945640E-16
6864.41661061951  3.179019E-16
6867.95179941007  3.387572E-16
6871.48698820063  3.384169E-16
6875.02217699119  3.377321E-16
6878.55736578175  3.104561E-16
6882.09255457231  2.905459E-16
6885.62774336287  2.832150E-16
6889.16293215343  2.788356E-16
6892.69812094399  2.977163E-16
6896.23330973455  3.031486E-16
6899.76849852511  2.928774E-16
6903.30368731568  2.856836E-16
6906.83887610624  2.826372E-16
6910.3740648968  2.883722E-16
6913.90925368736  2.829689E-16
6917.44444247792  2.811357E-16
6920.97963126848  2.852352E-16
6924.51482005904  2.903500E-16
6928.0500088496  2.831113E-16
6931.58519764016  2.890731E-16
6935.12038643072  2.960356E-16
6938.65557522128  2.937850E-16
6942.19076401184  2.689606E-16
6945.7259528024  2.397299E-16
6949.26114159296  2.306583E-16
6952.79633038352  2.420755E-16
6956.33151917408  2.576523E-16
6959.86670796464  2.598036E-16
6963.4018967552  2.567443E-16
6966.93708554576  2.642123E-16
6970.47227433633  2.770187E-16
6974.00746312689  2.681656E-16
6977.54265191744  2.807577E-16
6981.07784070801  2.874705E-16
6984.61302949857  2.808643E-16
6988.14821828913  2.806544E-16
6991.68340707969  2.708779E-16
6995.21859587025  2.711479E-16
6998.75378466081  2.748409E-16
7002.28897345137  2.716083E-16
7005.82416224193  2.686265E-16
7009.35935103249  2.489601E-16
7012.89453982305  2.536391E-16
7016.42972861361  2.717271E-16
7019.96491740417  2.691179E-16
7023.50010619473  2.649397E-16
7027.03529498529  2.615737E-16
7030.57048377585  2.457413E-16
7034.10567256641  2.520546E-16
7037.64086135698  2.651033E-16
7041.17605014754  2.520993E-16
7044.7112389381  2.674141E-16
7048.24642772866  2.668650E-16
7051.78161651922  2.561284E-16
7055.31680530978  2.517404E-16
7058.85199410034  2.473083E-16
7062.3871828909  2.463432E-16
7065.92237168146  2.470783E-16
7069.45756047202  2.492194E-16
7072.99274926258  2.413544E-16
7076.52793805314  2.441487E-16
7080.0631268437  2.488051E-16
7083.59831563426  2.458108E-16
7087.13350442482  2.496323E-16
7090.66869321538  2.533815E-16
7094.20388200594  2.556104E-16
7097.73907079651  2.511081E-16
7101.27425958707  2.507069E-16
7104.80944837763  2.461856E-16
7108.34463716818  2.427118E-16
7111.87982595875  2.534794E-16
7115.41501474931  2.508950E-16
7118.95020353987  2.474247E-16
7122.48539233043  2.510662E-16
7126.02058112099  2.541213E-16
7129.55576991155  2.408308E-16
7133.09095870211  2.391264E-16
7136.62614749267  2.549750E-16
7140.16133628323  2.496780E-16
7143.69652507379  2.479294E-16
7147.23171386435  2.526928E-16
7150.76690265491  2.462839E-16
7154.30209144547  2.550918E-16
7157.83728023603  2.569127E-16
7161.37246902659  2.522078E-16
7164.90765781715  2.488104E-16
7168.44284660771  2.431524E-16
7171.97803539827  2.627876E-16
7175.51322418884  2.400208E-16
7179.0484129794  2.433429E-16
7182.58360176995  2.436924E-16
7186.11879056052  2.350843E-16
7189.65397935108  2.428579E-16
7193.18916814164  2.549319E-16
7196.7243569322  2.432233E-16
7200.25954572276  2.408613E-16
7203.79473451332  2.500011E-16
7207.32992330388  2.346108E-16
7210.86511209444  2.370492E-16
7214.400300885  2.459035E-16
7217.93548967556  2.517980E-16
7221.47067846612  2.415041E-16
7225.00586725668  2.467869E-16
7228.54105604724  2.405517E-16
7232.0762448378  2.527439E-16
7235.61143362836  2.427325E-16
7239.14662241892  2.369815E-16
7242.68181120948  2.454375E-16
7246.21700000004  2.509506E-16
7249.75218879061  2.441075E-16
7253.28737758117  2.364270E-16
7256.82256637173  2.502033E-16
7260.35775516229  2.485386E-16
7263.89294395285  2.448854E-16
7267.42813274341  2.525288E-16
7270.96332153397  2.431146E-16
7274.49851032453  2.450533E-16
7278.03369911509  2.480010E-16
7281.56888790565  2.447729E-16
7285.10407669621  2.475551E-16
7288.63926548677  2.537544E-16
7292.17445427733  2.314199E-16
7295.70964306789  2.255246E-16
7299.24483185845  2.404322E-16
7302.78002064901  2.280830E-16
7306.31520943958  2.387882E-16
7309.85039823013  2.357344E-16
7313.38558702069  2.391958E-16
7316.92077581126  2.308750E-16
7320.45596460182  2.383009E-16
7323.99115339238  2.331995E-16
7327.52634218294  2.158665E-16
7331.0615309735  2.217620E-16
7334.59671976406  2.335613E-16
7338.13190855462  2.275212E-16
7341.66709734518  2.220849E-16
7345.20228613574  2.216565E-16
7348.7374749263  2.165420E-16
7352.27266371686  2.296558E-16
7355.80785250742  2.304041E-16
7359.34304129798  2.151469E-16
7362.87823008854  2.223538E-16
7366.4134188791  2.227423E-16
7369.94860766966  2.123116E-16
7373.48379646022  2.080716E-16
7377.01898525078  2.044781E-16
7380.55417404135  2.132042E-16
7384.0893628319  2.238413E-16
7387.62455162247  1.929523E-16
7391.15974041303  2.024809E-16
7394.69492920359  2.026679E-16
7398.23011799415  2.113900E-16
7401.76530678471  2.002003E-16
7405.30049557527  1.861037E-16
7408.83568436583  1.915841E-16
7412.37087315639  1.974085E-16
7415.90606194695  1.931910E-16
7419.44125073751  1.812905E-16
7422.97643952807  1.861985E-16
7426.51162831863  1.851939E-16
7430.04681710919  1.761755E-16
7433.58200589975  1.877465E-16
7437.11719469031  1.835465E-16
7440.65238348087  1.858068E-16
7444.18757227144  1.829969E-16
7447.72276106199  1.714314E-16
7451.25794985256  1.727640E-16
7454.79313864311  1.663779E-16
7458.32832743368  1.656279E-16
7461.86351622424  1.730332E-16
7465.3987050148  1.697374E-16
7468.93389380536  1.735751E-16
7472.46908259592  1.763632E-16
7476.00427138648  1.693464E-16
7479.53946017704  1.601192E-16
7483.0746489676  1.681212E-16
7486.60983775816  1.741296E-16
7490.14502654872  1.587540E-16
7493.68021533928  1.496068E-16
7497.21540412984  1.529674E-16
7500.7505929204  1.691099E-16
7504.28578171096  1.607959E-16
7507.82097050152  1.732099E-16
7511.35615929208  1.781924E-16
7514.89134808264  1.901141E-16
7518.42653687321  1.875212E-16
7521.96172566377  1.821507E-16
7525.49691445433  1.789101E-16
7529.03210324489  1.779573E-16
7532.56729203545  1.900895E-16
7536.10248082601  1.990274E-16
7539.63766961657  1.864722E-16
7543.17285840713  1.760274E-16
7546.70804719769  1.709474E-16
7550.24323598825  1.633669E-16
7553.77842477881  1.698805E-16
7557.31361356937  1.747933E-16
7560.84880235993  1.571882E-16
7564.38399115049  1.505233E-16
7567.91917994105  1.645802E-16
7571.45436873161  1.589314E-16
7574.98955752217  1.577444E-16
7578.52474631273  1.705674E-16
7582.05993510329  1.610060E-16
7585.59512389386  1.544672E-16
7589.13031268441  1.524087E-16
7592.66550147498  1.503503E-16
7596.20069026554  1.482918E-16
7599.7358790561  1.462334E-16
7603.27106784666  1.441749E-16
7606.80625663722  1.421165E-16
7610.34144542778  1.400580E-16
7613.87663421834  1.379996E-16
7617.4118230089  1.259844E-16
7620.94701179946  1.418653E-16
7624.48220059002  1.436769E-16
7628.01738938058  1.507720E-16
7631.55257817114  1.756014E-16
7635.0877669617  1.766878E-16
7638.62295575226  1.477357E-16
7642.15814454282  1.373013E-16
7645.69333333338  1.443230E-16
7649.22852212394  1.265143E-16
7652.7637109145  1.178010E-16
7656.29889970506  1.391534E-16
7659.83408849562  1.240263E-16
7663.36927728619  1.244857E-16
7666.90446607675  1.287388E-16
7670.43965486731  1.366376E-16
7673.97484365787  1.291341E-16
7677.51003244843  1.230069E-16
7681.04522123899  1.362722E-16
7684.58041002955  1.402586E-16
7688.11559882011  1.357336E-16
7691.65078761067  1.475108E-16
7695.18597640123  1.433597E-16
7698.72116519179  1.478463E-16
7702.25635398235  1.467943E-16
7705.79154277291  1.421906E-16
7709.32673156347  1.332113E-16
7712.86192035403  1.303172E-16
7716.39710914459  1.319193E-16
7719.93229793515  1.274007E-16
7723.46748672572  1.341536E-16
7727.00267551627  1.422597E-16
7730.53786430684  1.362273E-16
7734.0730530974  1.378951E-16
7737.60824188796  1.464058E-16
7741.14343067852  1.467533E-16
7744.67861946908  1.463996E-16
7748.21380825964  1.540320E-16
7751.7489970502  1.544230E-16
7755.28418584076  1.595327E-16
7758.81937463132  1.587145E-16
7762.35456342188  1.409910E-16
7765.88975221244  1.398064E-16
7769.424941003  1.376778E-16
7772.96012979356  1.540066E-16
7776.49531858412  1.606627E-16
7780.03050737468  1.391768E-16
7783.56569616524  1.416635E-16
7787.1008849558  1.495002E-16
7790.63607374637  1.494019E-16
7794.17126253693  1.388293E-16
7797.70645132749  1.445817E-16
7801.24164011805  1.546563E-16
7804.77682890861  1.526153E-16
7808.31201769917  1.503087E-16
7811.84720648973  1.509554E-16
7815.38239528029  1.528951E-16
7818.91758407085  1.496010E-16
7822.45277286141  1.523185E-16
7825.98796165197  1.488479E-16
7829.52315044253  1.412067E-16
7833.05833923309  1.511757E-16
7836.59352802365  1.593514E-16
7840.12871681421  1.555428E-16
7843.66390560477  1.515867E-16
7847.19909439533  1.345780E-16
7850.73428318589  1.353425E-16
7854.26947197645  1.415116E-16
7857.80466076701  1.611172E-16
7861.33984955757  1.563303E-16
7864.87503834813  1.406694E-16
7868.41022713869  1.445741E-16
7871.94541592926  1.511693E-16
7875.48060471982  1.595382E-16
7879.01579351038  1.450554E-16
7882.55098230094  1.306602E-16
7886.0861710915  1.384163E-16
7889.62135988206  1.391868E-16
7893.15654867262  1.459899E-16
7896.69173746318  1.516901E-16
7900.22692625374  1.348987E-16
7903.7621150443  1.388540E-16
7907.29730383486  1.576983E-16
7910.83249262542  1.467711E-16
7914.36768141598  1.390271E-16
7917.90287020654  1.353875E-16
7921.4380589971  1.428112E-16
7924.97324778766  1.388142E-16
7928.50843657823  1.375669E-16
7932.04362536879  1.447287E-16
7935.57881415935  1.391281E-16
7939.11400294991  1.489636E-16
7942.64919174047  1.551171E-16
7946.18438053103  1.422515E-16
7949.71956932159  1.412709E-16
7953.25475811215  1.558839E-16
7956.78994690271  1.590547E-16
7960.32513569327  1.503632E-16
7963.86032448383  1.502322E-16
7967.39551327439  1.548844E-16
7970.93070206495  1.539876E-16
7974.46589085551  1.449730E-16
7978.00107964607  1.389919E-16
7981.53626843663  1.535931E-16
7985.07145722719  1.541737E-16
7988.60664601775  1.591667E-16
7992.14183480831  1.464430E-16
7995.67702359888  1.494894E-16
7999.21221238944  1.639383E-16
8002.74740118  1.371131E-16
8006.28258997056  1.470417E-16
8009.81777876111  1.407517E-16
8013.35296755168  1.405940E-16
8016.88815634224  1.561574E-16
8020.4233451328  1.504125E-16
8023.95853392336  1.330143E-16
8027.49372271392  1.309640E-16
8031.02891150448  1.378818E-16
8034.56410029504  1.320971E-16
8038.0992890856  1.321676E-16
8041.63447787616  1.419339E-16
8045.16966666672  1.403839E-16
8048.70485545728  1.333447E-16
8052.24004424784  1.266224E-16
8055.7752330384  1.404088E-16
8059.31042182896  1.438569E-16
8062.84561061952  1.444457E-16
8066.38079941008  1.442306E-16
8069.91598820065  1.386656E-16
8073.4511769912  1.294135E-16
8076.98636578177  1.305118E-16
8080.52155457233  1.359986E-16
8084.05674336289  1.291370E-16
8087.59193215345  1.276114E-16
8091.12712094401  1.283804E-16
8094.66230973457  1.293895E-16
8098.19749852513  1.258016E-16
8101.73268731569  1.197570E-16
8105.26787610625  1.210628E-16
8108.80306489681  1.239596E-16
8112.33825368737  1.191001E-16
8115.87344247793  1.180330E-16
8119.40863126849  1.245780E-16
8122.94382005905  1.256431E-16
8126.47900884961  1.326054E-16
8130.01419764017  1.367322E-16
8133.54938643073  1.234459E-16
8137.08457522129  1.205393E-16
8140.61976401186  1.213943E-16
8144.15495280242  1.165568E-16
8147.69014159298  1.185380E-16
8151.22533038354  1.205674E-16
8154.7605191741  1.312714E-16
8158.29570796466  1.149000E-16
8161.83089675522  1.090553E-16
8165.36608554578  1.113289E-16
8168.90127433634  1.125824E-16
8172.4364631269  1.145034E-16
8175.97165191746  1.159697E-16
8179.50684070802  1.124237E-16
8183.04202949858  1.132856E-16
8186.57721828914  1.175836E-16
8190.1124070797  1.191081E-16
8193.64759587026  1.381822E-16
8197.18278466082  1.181130E-16
8200.71797345139  9.319452E-17
8204.25316224194  1.117512E-16
8207.78835103251  1.151260E-16
8211.32353982306  1.297786E-16
8214.85872861363  1.239764E-16
8218.39391740419  1.241264E-16
8221.92910619475  1.219060E-16
8225.46429498531  1.216962E-16
8228.99948377587  1.151327E-16
8232.53467256643  1.124319E-16
8236.06986135699  1.152834E-16
8239.60505014755  1.141302E-16
8243.14023893811  1.159732E-16
8246.67542772867  1.105245E-16
8250.21061651923  1.112238E-16
8253.74580530979  1.233744E-16
8257.28099410035  1.160620E-16
8260.81618289091  1.208070E-16
8264.35137168147  1.310847E-16
8267.88656047203  1.346254E-16
8271.42174926259  1.207069E-16
8274.95693805316  1.110752E-16
8278.49212684371  1.211479E-16
8282.02731563428  1.357941E-16
8285.56250442484  1.258305E-16
8289.0976932154  1.332414E-16
8292.63288200596  1.155438E-16
8296.16807079652  1.235837E-16
8299.70325958708  1.299927E-16
8303.23844837764  1.328242E-16
8306.7736371682  1.288965E-16
8310.30882595876  1.192193E-16
8313.84401474932  1.269150E-16
8317.37920353988  1.244394E-16
8320.91439233044  1.262242E-16
8324.449581121  1.288595E-16
8327.98476991156  1.108838E-16
8331.51995870212  1.454537E-16
8335.05514749268  1.401527E-16
8338.59033628324  1.248366E-16
8342.1255250738  1.311682E-16
8345.66071386437  1.087247E-16
8349.19590265493  1.177613E-16
8352.73109144549  1.269594E-16
8356.26628023605  1.302807E-16
8359.80146902661  1.340635E-16
8363.33665781717  1.399898E-16
8366.87184660773  1.430496E-16
8370.40703539829  1.393738E-16
8373.94222418885  1.337871E-16
8377.47741297941  1.395445E-16
8381.01260176997  1.465107E-16
8384.54779056053  1.473497E-16
8388.08297935109  1.587229E-16
8391.61816814165  1.482453E-16
8395.15335693221  1.354921E-16
8398.68854572277  1.503774E-16
8402.22373451333  1.536877E-16
8405.75892330389  1.313167E-16
8409.29411209445  1.443344E-16
8412.82930088502  1.569799E-16
8416.36448967558  1.484302E-16
8419.89967846614  1.397283E-16
8423.4348672567  1.511452E-16
8426.97005604726  1.526289E-16
8430.50524483782  1.632350E-16
8434.04043362838  1.703134E-16
8437.57562241894  1.586877E-16
8441.1108112095  1.539410E-16
8444.64600000006  1.478165E-16
8448.18118879062  1.508905E-16
8451.71637758118  1.659281E-16
8455.25156637174  1.723151E-16
8458.7867551623  1.579439E-16
8462.32194395286  1.557641E-16
8465.85713274342  1.657888E-16
8469.39232153398  1.576701E-16
8472.92751032454  1.724973E-16
8476.4626991151  1.770372E-16
8479.99788790566  1.923086E-16
8483.53307669622  1.784921E-16
8487.06826548679  1.769468E-16
8490.60345427735  1.920787E-16
8494.13864306791  1.757619E-16
8497.67383185847  1.701700E-16
8501.20902064903  1.793096E-16
8504.74420943959  1.755180E-16
8508.27939823015  1.961770E-16
8511.81458702071  1.994272E-16
8515.34977581127  1.776738E-16
8518.88496460183  1.817627E-16
8522.42015339239  1.796999E-16
8525.95534218295  1.736084E-16
8529.49053097351  1.817144E-16
8533.02571976407  2.059405E-16
8536.56090855463  1.943758E-16
8540.09609734519  1.922170E-16
8543.63128613575  2.085410E-16
8547.16647492631  2.031157E-16
8550.70166371688  1.917057E-16
8554.23685250744  2.029260E-16
8557.772041298  2.069994E-16
8561.30723008856  1.951009E-16
8564.84241887912  1.980124E-16
8568.37760766968  2.057822E-16
8571.91279646024  2.095486E-16
8575.4479852508  1.972051E-16
8578.98317404136  2.084327E-16
8582.51836283192  2.229031E-16
8586.05355162248  2.094506E-16
8589.58874041304  2.070248E-16
8593.1239292036  2.093151E-16
8596.65911799416  2.199529E-16
8600.19430678472  2.248053E-16
8603.72949557528  2.235746E-16
8607.26468436584  2.255710E-16
8610.7998731564  2.158769E-16
8614.33506194696  2.078570E-16
8617.87025073752  2.184316E-16
8621.40543952809  2.171927E-16
8624.94062831865  2.097637E-16
8628.47581710921  2.151451E-16
8632.01100589977  2.129522E-16
8635.54619469033  2.304246E-16
8639.08138348089  2.096405E-16
8642.61657227145  2.135372E-16
8646.15176106201  2.069883E-16
8649.68694985257  1.994165E-16
8653.22213864313  2.145252E-16
8656.75732743369  2.305029E-16
8660.29251622425  2.144928E-16
8663.82770501481  2.083958E-16
8667.36289380537  2.042244E-16
8670.89808259594  2.050463E-16
8674.43327138649  2.320671E-16
8677.96846017705  2.255963E-16
8681.50364896761  2.176489E-16
8685.03883775817  2.163235E-16
8688.57402654873  2.268736E-16
8692.1092153393  2.320191E-16
8695.64440412986  2.287088E-16
8699.17959292042  2.133941E-16
8702.71478171098  2.169170E-16
8706.24997050154  2.057707E-16
8709.7851592921  2.133008E-16
8713.32034808266  2.266832E-16
8716.85553687322  2.165826E-16
8720.39072566378  2.108357E-16
8723.92591445434  2.132179E-16
8727.4611032449  2.123233E-16
8730.99629203546  2.162281E-16
8734.53148082602  2.175435E-16
8738.06666961658  2.250816E-16
8741.60185840714  2.287020E-16
8745.1370471977  2.284968E-16
8748.67223598826  2.320231E-16
8752.20742477882  2.333366E-16
8755.74261356939  2.178000E-16
8759.27780235995  2.236212E-16
8762.81299115051  2.302146E-16
8766.34817994107  2.271980E-16
8769.88336873163  2.180695E-16
8773.41855752219  2.220873E-16
8776.95374631275  2.249587E-16
8780.48893510331  2.119460E-16
8784.02412389387  2.223255E-16
8787.55931268443  2.297688E-16
8791.09450147499  2.211568E-16
8794.62969026555  2.284500E-16
8798.16487905611  2.004956E-16
8801.70006784667  2.012826E-16
8805.23525663723  2.262095E-16
8808.77044542779  2.302842E-16
8812.30563421835  2.219960E-16
8815.84082300891  2.235844E-16
8819.37601179947  2.351220E-16
8822.91120059004  2.269762E-16
8826.4463893806  2.183118E-16
8829.98157817115  2.293354E-16
8833.51676696172  2.413193E-16
8837.05195575228  2.554955E-16
8840.58714454284  2.405026E-16
8844.1223333334  2.185577E-16
8847.65752212396  2.370368E-16
8851.19271091452  2.152020E-16
8854.72789970508  1.898909E-16
8858.26308849564  2.103639E-16
8861.7982772862  2.208227E-16
8865.33346607676  2.383682E-16
8868.86865486732  2.365340E-16
8872.40384365788  2.164440E-16
8875.93903244844  2.208779E-16
8879.474221239  2.303123E-16
8883.00941002956  2.275161E-16
8886.54459882013  2.295718E-16
8890.07978761068  2.279064E-16
8893.61497640124  2.241929E-16
8897.1501651918  2.160162E-16
8900.68535398236  2.268729E-16
8904.22054277293  2.276082E-16
8907.75573156349  2.271122E-16
8911.29092035405  2.433205E-16
8914.82610914461  2.409950E-16
8918.36129793517  2.358933E-16
8921.89648672573  2.289582E-16
8925.43167551629  2.353584E-16
8928.96686430685  2.446119E-16
8932.50205309741  2.407438E-16
8936.03724188797  2.528744E-16
8939.57243067853  2.416993E-16
8943.10761946909  2.494649E-16
8946.64280825965  2.581554E-16
8950.17799705022  2.472804E-16
8953.71318584077  2.682011E-16
8957.24837463133  2.392387E-16
8960.7835634219  2.465766E-16
8964.31875221245  2.594206E-16
8967.85394100302  2.371438E-16
8971.38912979358  2.408905E-16
8974.92431858414  2.267065E-16
8978.4595073747  1.980542E-16
8981.99469616526  2.279030E-16
8985.52988495582  2.254395E-16
8989.06507374638  2.132529E-16
8992.60026253694  2.393121E-16
8996.1354513275  2.251081E-16
8999.67064011806  2.347248E-16
9003.20582890862  2.143840E-16
9006.74101769918  2.005103E-16
9010.27620648974  1.934822E-16
9013.8113952803  2.001027E-16
9017.34658407086  2.099291E-16
9020.88177286142  2.178336E-16
9024.41696165198  2.147998E-16
9027.95215044254  2.009234E-16
9031.48733923311  2.053569E-16
9035.02252802367  2.096157E-16
9038.55771681423  2.231784E-16
9042.09290560479  1.938073E-16
9045.62809439535  2.071938E-16
9049.16328318591  2.264283E-16
9052.69847197647  2.158885E-16
9056.23366076703  2.294447E-16
9059.76884955759  2.295543E-16
9063.30403834815  2.135648E-16
9066.83922713871  2.104232E-16
9070.37441592927  2.211908E-16
9073.90960471983  2.327239E-16
9077.44479351039  2.219492E-16
9080.97998230095  2.207434E-16
9084.51517109151  2.303256E-16
9088.05035988207  2.076153E-16
9091.58554867263  2.019620E-16
9095.12073746319  2.026065E-16
9098.65592625376  2.299528E-16
9102.19111504432  2.175677E-16
9105.72630383487  2.160211E-16
9109.26149262544  2.131852E-16
9112.796681416  1.992278E-16
9116.33187020656  2.078011E-16
9119.86705899712  2.030910E-16
9123.40224778768  1.900376E-16
9126.93743657824  1.972371E-16
9130.4726253688  2.203662E-16
9134.00781415936  1.996175E-16
9137.54300294992  1.927825E-16
9141.07819174048  1.961429E-16
9144.61338053104  2.050255E-16
9148.1485693216  1.916725E-16
9151.68375811216  1.896365E-16
9155.21894690272  1.986658E-16
9158.75413569328  1.880389E-16
9162.28932448385  1.766093E-16
9165.82451327441  1.783957E-16
9169.35970206496  1.743317E-16
9172.89489085553  1.582078E-16
9176.43007964609  1.795928E-16
9179.96526843665  1.883913E-16
9183.50045722721  2.035575E-16
9187.03564601777  1.876608E-16
9190.57083480833  1.822944E-16
9194.10602359889  1.805962E-16
9197.64121238945  1.937525E-16
9201.17640118001  2.181362E-16
9204.71158997057  1.968953E-16
9208.24677876113  1.634331E-16
9211.78196755169  1.811644E-16
9215.31715634225  1.968791E-16
9218.85234513281  1.922452E-16
9222.38753392337  2.062627E-16
9225.92272271393  2.066100E-16
9229.45791150449  1.888716E-16
9232.99310029505  1.927200E-16
9236.52828908562  2.011080E-16
9240.06347787617  2.026563E-16
9243.59866666674  2.105110E-16
9247.1338554573  2.111153E-16
9250.66904424786  2.127482E-16
9254.20423303842  2.271669E-16
9257.73942182898  2.129471E-16
9261.27461061954  2.270967E-16
9264.8097994101  2.352608E-16
9268.34498820066  2.098474E-16
9271.88017699122  2.090212E-16
9275.41536578178  2.403896E-16
9278.95055457234  2.400869E-16
9282.4857433629  2.082539E-16
9286.02093215346  2.180360E-16
9289.55612094402  2.455781E-16
9293.09130973458  2.340371E-16
9296.62649852514  2.337313E-16
9300.1616873157  2.274752E-16
9303.69687610626  2.343172E-16
9307.23206489683  2.406728E-16
9310.76725368738  2.399581E-16
9314.30244247795  2.216473E-16
9317.83763126851  2.207093E-16
9321.37282005907  2.722611E-16
9324.90800884963  2.577180E-16
9328.44319764019  1.875758E-16
9331.97838643075  2.335353E-16
9335.51357522131  2.998698E-16
9339.04876401187  2.606522E-16
9342.58395280243  2.785097E-16
9346.11914159299  2.360572E-16
9349.65433038355  2.312469E-16
9353.18951917411  1.595873E-16
9356.72470796467  1.960959E-16
9360.25989675523  2.516694E-16
9363.79508554579  2.401374E-16
9367.33027433635  2.160905E-16
9370.86546312692  1.942124E-16
9374.40065191747  1.969461E-16
9377.93584070804  1.988133E-16
9381.4710294986  1.909190E-16
9385.00621828916  1.998851E-16
9388.54140707972  2.276903E-16
9392.07659587028  2.373488E-16
9395.61178466084  2.357111E-16
9399.1469734514  2.295521E-16
9402.68216224196  2.274185E-16
9406.21735103252  2.109722E-16
9409.75253982308  2.143220E-16
9413.28772861364  2.459525E-16
9416.8229174042  2.215177E-16
9420.35810619476  2.138660E-16
9423.89329498532  2.037564E-16
9427.42848377588  2.716863E-16
9430.96367256644  2.713148E-16
9434.498861357  2.015706E-16
9438.03405014756  2.024275E-16
9441.56923893813  2.397393E-16
9445.10442772869  2.617638E-16
9448.63961651925  2.423579E-16
9452.17480530981  1.846591E-16
9455.70999410037  2.127982E-16
9459.24518289093  2.386747E-16
9462.78037168149  1.868959E-16
9466.31556047205  1.894445E-16
9469.85074926261  1.421525E-16
9473.38593805317  1.901884E-16
9476.92112684373  1.990469E-16
9480.45631563429  1.906255E-16
9483.99150442485  2.225193E-16
9487.52669321541  2.301461E-16
9491.06188200597  2.460127E-16
9494.59707079653  2.254907E-16
9498.13225958709  2.381685E-16
9501.66744837765  2.005125E-16
9505.20263716822  1.708156E-16
9508.73782595878  2.060896E-16
9512.27301474933  1.727688E-16
9515.80820353989  1.756925E-16
9519.34339233045  2.213176E-16
9522.87858112102  2.025603E-16
9526.41376991158  1.920344E-16
9529.94895870214  1.962441E-16
9533.4841474927  1.547030E-16
9537.01933628326  1.898307E-16
9540.55452507382  1.736961E-16
9544.08971386438  1.599258E-16
9547.62490265494  2.317427E-16
9551.1600914455  2.240355E-16
9554.69528023606  1.755061E-16
9558.23046902662  1.967802E-16
9561.76565781718  2.049967E-16
9565.30084660774  1.823562E-16
9568.8360353983  1.841819E-16
9572.37122418887  1.427260E-16
9575.90641297943  1.377205E-16
9579.44160176998  1.823306E-16
9582.97679056055  2.409572E-16
9586.51197935111  1.721863E-16
9590.04716814167  1.419132E-16
9593.58235693223  2.014008E-16
9597.11754572279  2.292946E-16
9600.65273451335  2.325457E-16
9604.18792330391  1.835146E-16
9607.72311209447  1.530511E-16
9611.25830088503  1.825651E-16
9614.79348967559  1.155744E-16
9618.32867846615  1.619564E-16
9621.86386725671  1.899943E-16
9625.39905604727  1.819126E-16
9628.93424483783  1.763978E-16
9632.46943362839  1.334828E-16
9636.00462241895  1.126370E-16
9639.53981120951  1.276754E-16
9643.07500000007  1.215414E-16
