# 58910.13829422454
       3650.9300   1.5477800e-16
       3654.4652   8.6347650e-17
       3658.0004   8.0306930e-17
       3661.5356  -9.8771570e-17
       3665.0708  -3.7416030e-17
       3668.6059   2.3545000e-17
       3672.1411   7.2476490e-17
       3675.6763   1.5423460e-16
       3679.2115   9.5103940e-17
       3682.7467   1.6088200e-16
       3686.2819   1.4996990e-16
       3689.8171   9.3205100e-17
       3693.3523   6.7221940e-17
       3696.8875   8.0659120e-17
       3700.4226   4.8882710e-17
       3703.9578   5.1590770e-17
       3707.4930   1.0787450e-17
       3711.0282   5.8894920e-17
       3714.5634   5.4637020e-17
       3718.0986   6.6618140e-17
       3721.6338   3.4711720e-17
       3725.1690  -1.7664610e-17
       3728.7042   9.4708950e-17
       3732.2393   5.1114680e-17
       3735.7745   1.1808890e-17
       3739.3097   1.1806530e-16
       3742.8449   1.2746820e-16
       3746.3801   5.7695890e-17
       3749.9153   4.5924550e-17
       3753.4505   1.1269000e-16
       3756.9857   1.2844050e-16
       3760.5209   8.1340430e-17
       3764.0560   1.0242550e-16
       3767.5912   1.4521780e-16
       3771.1264   1.0069100e-16
       3774.6616   8.1344460e-17
       3778.1968   1.3287580e-16
       3781.7320   1.2454250e-16
       3785.2672   3.2960810e-17
       3788.8024   2.1693520e-17
       3792.3376   1.0452050e-16
       3795.8727   1.2473590e-16
       3799.4079   7.0609320e-17
       3802.9431   1.4455550e-16
       3806.4783   1.4794000e-16
       3810.0135   1.4901220e-16
       3813.5487   1.4249100e-16
       3817.0839   1.0184230e-16
       3820.6191   1.4962250e-16
       3824.1543   1.5486730e-16
       3827.6894   1.6225180e-16
       3831.2246   1.4565090e-16
       3834.7598   1.0984760e-16
       3838.2950   9.9140200e-17
       3841.8302   1.7815310e-16
       3845.3654   1.5150600e-16
       3848.9006   1.1284890e-16
       3852.4358   1.4600920e-16
       3855.9709   1.1301910e-16
       3859.5061   1.5961410e-16
       3863.0413   1.3163650e-16
       3866.5765   1.3170730e-16
       3870.1117   9.7788640e-17
       3873.6469   1.1460820e-16
       3877.1821   1.2699140e-16
       3880.7173   9.6933430e-17
       3884.2525   1.1414280e-16
       3887.7876   1.3219630e-16
       3891.3228   1.1495040e-16
       3894.8580   1.0313210e-16
       3898.3932   1.6612380e-16
       3901.9284   1.3227020e-16
       3905.4636   1.2807900e-16
       3908.9988   9.3762630e-17
       3912.5340   1.2515030e-16
       3916.0692   1.7105580e-16
       3919.6043   1.1808630e-16
       3923.1395   1.3657930e-16
       3926.6747   1.5250630e-16
       3930.2099   1.4777960e-16
       3933.7451   1.4243100e-16
       3937.2803   1.3708240e-16
       3940.8155   1.3173380e-16
       3944.3507   1.2638530e-16
       3947.8859   1.0002150e-16
       3951.4210   1.5297030e-16
       3954.9562   1.2912780e-16
       3958.4914   1.1794580e-16
       3962.0266   1.4550710e-16
       3965.5618   1.4660060e-16
       3969.0970   1.1930450e-16
       3972.6322   8.4620740e-17
       3976.1674   1.1476730e-16
       3979.7026   1.4323740e-16
       3983.2377   9.9392880e-17
       3986.7729   1.4591840e-16
       3990.3081   1.6566690e-16
       3993.8433   1.3376250e-16
       3997.3785   1.4850980e-16
       4000.9137   1.4149110e-16
       4004.4489   1.3569960e-16
       4007.9841   1.6469650e-16
       4011.5193   1.1459420e-16
       4015.0544   1.5479980e-16
       4018.5896   1.2347990e-16
       4022.1248   1.1705460e-16
       4025.6600   1.5066200e-16
       4029.1952   1.3956520e-16
       4032.7304   1.3143510e-16
       4036.2656   1.4381460e-16
       4039.8008   1.2566840e-16
       4043.3360   1.1715300e-16
       4046.8711   1.5454310e-16
       4050.4063   1.1634530e-16
       4053.9415   1.4966750e-16
       4057.4767   1.4961660e-16
       4061.0119   1.3695890e-16
       4064.5471   1.5326530e-16
       4068.0823   1.2850850e-16
       4071.6175   1.5640350e-16
       4075.1527   1.5184400e-16
       4078.6878   1.4030500e-16
       4082.2230   1.1519820e-16
       4085.7582   1.2982730e-16
       4089.2934   9.7526910e-17
       4092.8286   1.0882430e-16
       4096.3638   1.2655790e-16
       4099.8990   1.2667670e-16
       4103.4342   1.2043300e-16
       4106.9694   1.3427220e-16
       4110.5045   9.8734800e-17
       4114.0397   1.0395190e-16
       4117.5749   1.3073690e-16
       4121.1101   1.1299150e-16
       4124.6453   1.1772160e-16
       4128.1805   1.4607530e-16
       4131.7157   1.2283940e-16
       4135.2509   1.4908770e-16
       4138.7861   1.4411170e-16
       4142.3212   1.3781860e-16
       4145.8564   1.4164630e-16
       4149.3916   1.1683630e-16
       4152.9268   1.1880610e-16
       4156.4620   1.1568230e-16
       4159.9972   1.3806580e-16
       4163.5324   1.2445380e-16
       4167.0676   1.2504570e-16
       4170.6028   1.1716760e-16
       4174.1379   1.4052420e-16
       4177.6731   1.3286540e-16
       4181.2083   1.4365330e-16
       4184.7435   1.4659670e-16
       4188.2787   1.4713040e-16
       4191.8139   1.3662030e-16
       4195.3491   1.4157270e-16
       4198.8843   1.2333650e-16
       4202.4195   1.3691620e-16
       4205.9546   1.5165150e-16
       4209.4898   1.3438480e-16
       4213.0250   1.2530920e-16
       4216.5602   1.6168190e-16
       4220.0954   1.4362840e-16
       4223.6306   1.3458980e-16
       4227.1658   1.4612400e-16
       4230.7010   1.6177290e-16
       4234.2362   1.5333580e-16
       4237.7713   1.3402280e-16
       4241.3065   1.4352360e-16
       4244.8417   1.4756410e-16
       4248.3769   1.4480110e-16
       4251.9121   1.4342590e-16
       4255.4473   1.1622170e-16
       4258.9825   1.2923230e-16
       4262.5177   1.2739870e-16
       4266.0528   1.3363300e-16
       4269.5880   1.5069200e-16
       4273.1232   1.5139400e-16
       4276.6584   1.3788000e-16
       4280.1936   1.2894610e-16
       4283.7288   1.5275530e-16
       4287.2640   1.6346040e-16
       4290.7992   1.6365270e-16
       4294.3344   1.3318020e-16
       4297.8695   1.4610050e-16
       4301.4047   1.5863300e-16
       4304.9399   1.2848400e-16
       4308.4751   1.5101130e-16
       4312.0103   1.5030680e-16
       4315.5455   1.4889110e-16
       4319.0807   1.7239620e-16
       4322.6159   1.5783700e-16
       4326.1511   1.5242670e-16
       4329.6862   1.5789890e-16
       4333.2214   1.5690330e-16
       4336.7566   1.5386540e-16
       4340.2918   1.5943590e-16
       4343.8270   1.6823670e-16
       4347.3622   1.5580530e-16
       4350.8974   1.7503200e-16
       4354.4326   1.5270520e-16
       4357.9678   1.7504060e-16
       4361.5029   1.6993210e-16
       4365.0381   1.6594110e-16
       4368.5733   1.5649530e-16
       4372.1085   1.6244840e-16
       4375.6437   1.6708720e-16
       4379.1789   1.8069480e-16
       4382.7141   1.6018660e-16
       4386.2493   1.7868560e-16
       4389.7845   1.6832740e-16
       4393.3196   1.8035300e-16
       4396.8548   1.7632010e-16
       4400.3900   1.7747790e-16
       4403.9252   1.7369980e-16
       4407.4604   1.8860670e-16
       4410.9956   1.8199630e-16
       4414.5308   1.6422120e-16
       4418.0660   1.7984270e-16
       4421.6012   1.9232600e-16
       4425.1363   1.8671560e-16
       4428.6715   1.8582410e-16
       4432.2067   1.7706330e-16
       4435.7419   1.9235280e-16
       4439.2771   2.1308380e-16
       4442.8123   2.0963190e-16
       4446.3475   2.0193710e-16
       4449.8827   2.2632690e-16
       4453.4179   2.2456480e-16
       4456.9530   1.9893200e-16
       4460.4882   2.0114200e-16
       4464.0234   2.1777750e-16
       4467.5586   2.2227700e-16
       4471.0938   1.9880260e-16
       4474.6290   2.1065400e-16
       4478.1642   2.1280050e-16
       4481.6994   2.0486670e-16
       4485.2346   2.1650740e-16
       4488.7697   2.0344730e-16
       4492.3049   2.0084380e-16
       4495.8401   2.2357470e-16
       4499.3753   2.1266230e-16
       4502.9105   2.1905640e-16
       4506.4457   2.0765190e-16
       4509.9809   1.8937520e-16
       4513.5161   2.0506720e-16
       4517.0513   2.0141880e-16
       4520.5864   1.9435290e-16
       4524.1216   2.1256520e-16
       4527.6568   2.1025570e-16
       4531.1920   2.0865210e-16
       4534.7272   2.1800120e-16
       4538.2624   2.1574780e-16
       4541.7976   2.1695360e-16
       4545.3328   2.0902100e-16
       4548.8680   2.1331970e-16
       4552.4031   2.1957880e-16
       4555.9383   2.1107090e-16
       4559.4735   2.1308950e-16
       4563.0087   2.1266510e-16
       4566.5439   2.1685970e-16
       4570.0791   2.1788730e-16
       4573.6143   2.0334940e-16
       4577.1495   2.1515130e-16
       4580.6847   1.9704880e-16
       4584.2198   2.1072040e-16
       4587.7550   2.1132430e-16
       4591.2902   1.9710950e-16
       4594.8254   1.9912330e-16
       4598.3606   2.1961600e-16
       4601.8958   2.0221120e-16
       4605.4310   1.9355290e-16
       4608.9662   2.0233850e-16
       4612.5014   1.9673470e-16
       4616.0365   2.0696760e-16
       4619.5717   2.0011980e-16
       4623.1069   2.1073440e-16
       4626.6421   1.9556570e-16
       4630.1773   2.1115710e-16
       4633.7125   1.9944490e-16
       4637.2477   1.9888640e-16
       4640.7829   1.9339000e-16
       4644.3181   1.9419150e-16
       4647.8532   1.9774870e-16
       4651.3884   1.9312330e-16
       4654.9236   1.8873590e-16
       4658.4588   1.7910350e-16
       4661.9940   1.8338520e-16
       4665.5292   1.9351190e-16
       4669.0644   2.0000930e-16
       4672.5996   1.9188740e-16
       4676.1347   1.7936180e-16
       4679.6699   1.8564820e-16
       4683.2051   2.0224380e-16
       4686.7403   1.9183600e-16
       4690.2755   1.7787090e-16
       4693.8107   1.8316890e-16
       4697.3459   1.7600550e-16
       4700.8811   1.7353110e-16
       4704.4163   1.7632630e-16
       4707.9514   1.8185630e-16
       4711.4866   1.8425110e-16
       4715.0218   1.8463520e-16
       4718.5570   1.7652370e-16
       4722.0922   1.7171290e-16
       4725.6274   1.7161720e-16
       4729.1626   1.7324860e-16
       4732.6978   1.6693150e-16
       4736.2330   1.8280150e-16
       4739.7681   1.8189210e-16
       4743.3033   1.9545380e-16
       4746.8385   1.9837370e-16
       4750.3737   1.8988910e-16
       4753.9089   1.8555240e-16
       4757.4441   1.8398690e-16
       4760.9793   1.9611370e-16
       4764.5145   1.8775760e-16
       4768.0497   1.8903180e-16
       4771.5848   1.9337730e-16
       4775.1200   1.9430390e-16
       4778.6552   1.8815440e-16
       4782.1904   1.8252110e-16
       4785.7256   1.8652550e-16
       4789.2608   1.9975490e-16
       4792.7960   2.0258520e-16
       4796.3312   2.0589330e-16
       4799.8664   2.0569850e-16
       4803.4015   1.9945020e-16
       4806.9367   1.9954080e-16
       4810.4719   2.1554580e-16
       4814.0071   2.2084710e-16
       4817.5423   2.1899730e-16
       4821.0775   2.0621210e-16
       4824.6127   2.0908960e-16
       4828.1479   2.1931200e-16
       4831.6831   2.1331920e-16
       4835.2182   2.1852370e-16
       4838.7534   2.1435360e-16
       4842.2886   2.1826810e-16
       4845.8238   2.3268690e-16
       4849.3590   2.2603240e-16
       4852.8942   2.1968080e-16
       4856.4294   2.1926940e-16
       4859.9646   2.1875520e-16
       4863.4998   2.1790490e-16
       4867.0349   2.0973660e-16
       4870.5701   2.0113830e-16
       4874.1053   2.0419700e-16
       4877.6405   2.1316900e-16
       4881.1757   2.1882350e-16
       4884.7109   2.1107780e-16
       4888.2461   2.1563170e-16
       4891.7813   2.2609320e-16
       4895.3165   2.0907670e-16
       4898.8516   2.1085350e-16
       4902.3868   2.0611070e-16
       4905.9220   2.0459920e-16
       4909.4572   2.1135050e-16
       4912.9924   2.0687130e-16
       4916.5276   2.1260290e-16
       4920.0628   2.1588940e-16
       4923.5980   2.0698310e-16
       4927.1332   2.1401930e-16
       4930.6683   2.1008580e-16
       4934.2035   2.1756580e-16
       4937.7387   2.0962020e-16
       4941.2739   2.0794090e-16
       4944.8091   2.0556780e-16
       4948.3443   2.1090570e-16
       4951.8795   1.9041390e-16
       4955.4147   1.9266080e-16
       4958.9499   2.0578810e-16
       4962.4850   2.0319120e-16
       4966.0202   2.0429700e-16
       4969.5554   2.3048610e-16
       4973.0906   2.3059910e-16
       4976.6258   2.1702350e-16
       4980.1610   2.1771110e-16
       4983.6962   2.0805450e-16
       4987.2314   2.2375640e-16
       4990.7666   2.2147200e-16
       4994.3017   2.2097860e-16
       4997.8369   2.2726470e-16
       5001.3721   2.2218420e-16
       5004.9073   2.1765100e-16
       5008.4425   2.2314320e-16
       5011.9777   2.2810620e-16
       5015.5129   2.1309500e-16
       5019.0481   2.1903130e-16
       5022.5833   2.2071610e-16
       5026.1184   2.2023240e-16
       5029.6536   2.0617330e-16
       5033.1888   1.9847620e-16
       5036.7240   2.0559760e-16
       5040.2592   2.1091020e-16
       5043.7944   2.0742850e-16
       5047.3296   2.1728660e-16
       5050.8648   2.1786620e-16
       5054.3999   2.1473980e-16
       5057.9351   2.2136830e-16
       5061.4703   2.2303064e-16
       5065.0055   2.2430488e-16
       5068.5407   2.2557912e-16
       5072.0759   2.2685336e-16
       5075.6111   2.2812761e-16
       5079.1463   2.2940185e-16
       5082.6815   2.3067609e-16
       5086.2166   2.3195034e-16
       5089.7518   2.3322458e-16
       5093.2870   2.3449882e-16
       5096.8222   2.3577306e-16
       5100.3574   2.3704731e-16
       5103.8926   2.3832155e-16
       5107.4278   2.3959579e-16
       5110.9630   2.4141776e-16
       5114.4982   2.4282773e-16
       5118.0333   2.4423770e-16
       5121.5685   2.4564768e-16
       5125.1037   2.4705765e-16
       5128.6389   2.4846762e-16
       5132.1741   2.4987760e-16
       5135.7093   2.5128757e-16
       5139.2445   2.5269754e-16
       5142.7797   2.5410751e-16
       5146.3149   2.5551749e-16
       5149.8500   2.5692746e-16
       5153.3852   2.5833743e-16
       5156.9204   2.5974741e-16
       5160.4556   2.6115738e-16
       5163.9908   2.6256735e-16
       5167.5260   2.6686170e-16
       5171.0612   2.6319180e-16
       5174.5964   2.6390580e-16
       5178.1316   2.7435990e-16
       5181.6667   2.6014610e-16
       5185.2019   2.7586620e-16
       5188.7371   2.7187420e-16
       5192.2723   2.7347410e-16
       5195.8075   2.6919310e-16
       5199.3427   2.7078500e-16
       5202.8779   2.5855290e-16
       5206.4131   2.7324370e-16
       5209.9483   2.8405080e-16
       5213.4834   2.8986380e-16
       5217.0186   2.9879610e-16
       5220.5538   2.8853430e-16
       5224.0890   2.8800980e-16
       5227.6242   3.0255070e-16
       5231.1594   2.9695310e-16
       5234.6946   2.9927230e-16
       5238.2298   2.9507910e-16
       5241.7650   2.9252650e-16
       5245.3001   2.8865060e-16
       5248.8353   2.9894640e-16
       5252.3705   2.9522930e-16
       5255.9057   2.9481380e-16
       5259.4409   2.9873300e-16
       5262.9761   3.0473990e-16
       5266.5113   2.9837650e-16
       5270.0465   2.9947640e-16
       5273.5817   2.9801860e-16
       5277.1168   2.9381380e-16
       5280.6520   3.0038470e-16
       5284.1872   3.0281770e-16
       5287.7224   3.0537200e-16
       5291.2576   3.0184420e-16
       5294.7928   2.9962950e-16
       5298.3280   3.0364380e-16
       5301.8632   3.0286920e-16
       5305.3984   3.0410740e-16
       5308.9335   3.1256460e-16
       5312.4687   3.1284180e-16
       5316.0039   3.1582300e-16
       5319.5391   3.0144870e-16
       5323.0743   3.0752400e-16
       5326.6095   3.1755090e-16
       5330.1447   3.2216970e-16
       5333.6799   3.2647610e-16
       5337.2151   3.2719350e-16
       5340.7502   3.4419690e-16
       5344.2854   3.3018640e-16
       5347.8206   3.3203430e-16
       5351.3558   3.2609360e-16
       5354.8910   3.2881430e-16
       5358.4262   3.2398980e-16
       5361.9614   3.2310950e-16
       5365.4966   3.3439900e-16
       5369.0318   3.4191370e-16
       5372.5669   3.3208900e-16
       5376.1021   3.3843040e-16
       5379.6373   3.3563920e-16
       5383.1725   3.4391410e-16
       5386.7077   3.4438070e-16
       5390.2429   3.4323000e-16
       5393.7781   3.4900170e-16
       5397.3133   3.5068660e-16
       5400.8485   3.4986450e-16
       5404.3836   3.5824460e-16
       5407.9188   3.6804650e-16
       5411.4540   3.7791440e-16
       5414.9892   3.6829750e-16
       5418.5244   3.5037130e-16
       5422.0596   3.6343300e-16
       5425.5948   3.5844810e-16
       5429.1300   3.5869690e-16
       5432.6652   3.5870070e-16
       5436.2003   3.7578030e-16
       5439.7355   3.8577710e-16
       5443.2707   3.7861580e-16
       5446.8059   3.8612030e-16
       5450.3411   3.8988420e-16
       5453.8763   3.7886650e-16
       5457.4115   3.8585050e-16
       5460.9467   3.8657360e-16
       5464.4818   3.8854760e-16
       5468.0170   3.8682010e-16
       5471.5522   3.9635770e-16
       5475.0874   3.7415760e-16
       5478.6226   3.9468220e-16
       5482.1578   3.9961780e-16
       5485.6930   3.9826050e-16
       5489.2282   3.9996110e-16
       5492.7634   4.0602280e-16
       5496.2985   3.9465570e-16
       5499.8337   3.9771920e-16
       5503.3689   3.9754510e-16
       5506.9041   4.0318810e-16
       5510.4393   4.0611440e-16
       5513.9745   4.0309390e-16
       5517.5097   4.2202130e-16
       5521.0449   4.0024480e-16
       5524.5801   4.0314810e-16
       5528.1152   4.0492700e-16
       5531.6504   4.1691790e-16
       5535.1856   4.0869070e-16
       5538.7208   4.0554800e-16
       5542.2560   4.0475630e-16
       5545.7912   4.0045850e-16
       5549.3264   4.1015480e-16
       5552.8616   4.0756130e-16
       5556.3968   4.2707410e-16
       5559.9319   4.0076130e-16
       5563.4671   3.9093820e-16
       5567.0023   3.8846880e-16
       5570.5375   3.7548750e-16
       5574.0727   3.8536280e-16
       5577.6079   4.0260710e-16
       5581.1431   3.8560570e-16
       5584.6783   3.8669210e-16
       5588.2135   3.9256730e-16
       5591.7486   4.0187460e-16
       5595.2838   4.0543210e-16
       5598.8190   4.0666540e-16
       5602.3542   4.1067750e-16
       5605.8894   3.9921300e-16
       5609.4246   4.0000350e-16
       5612.9598   4.0130680e-16
       5616.4950   4.1025650e-16
       5620.0302   4.0228180e-16
       5623.5653   3.9374070e-16
       5627.1005   3.8496260e-16
       5630.6357   3.9583220e-16
       5634.1709   4.0182910e-16
       5637.7061   3.9083490e-16
       5641.2413   3.9361930e-16
       5644.7765   3.9516090e-16
       5648.3117   4.0095590e-16
       5651.8469   4.0017080e-16
       5655.3820   3.8812940e-16
       5658.9172   3.9075100e-16
       5662.4524   4.0031220e-16
       5665.9876   3.9457040e-16
       5669.5228   3.7652950e-16
       5673.0580   3.9354060e-16
       5676.5932   3.9208760e-16
       5680.1284   3.8829250e-16
       5683.6636   3.8962230e-16
       5687.1987   3.7951430e-16
       5690.7339   3.7154070e-16
       5694.2691   3.7626390e-16
       5697.8043   3.8131790e-16
       5701.3395   3.7955770e-16
       5704.8747   3.7378600e-16
       5708.4099   3.7463680e-16
       5711.9451   3.7879240e-16
       5715.4803   3.7380330e-16
       5719.0154   3.8012200e-16
       5722.5506   3.8298300e-16
       5726.0858   3.8073140e-16
       5729.6210   3.8450330e-16
       5733.1562   3.7817960e-16
       5736.6914   3.7574270e-16
       5740.2266   3.7625070e-16
       5743.7618   3.7689350e-16
       5747.2970   3.6822740e-16
       5750.8321   3.7746410e-16
       5754.3673   3.8552160e-16
       5757.9025   3.7975480e-16
       5761.4377   3.7299690e-16
       5764.9729   3.6691530e-16
       5768.5081   3.7790620e-16
       5772.0433   3.8492260e-16
       5775.5785   3.8037950e-16
       5779.1137   3.6820600e-16
       5782.6488   3.7086140e-16
       5786.1840   3.7446900e-16
       5789.7192   3.8107300e-16
       5793.2544   3.6720930e-16
       5796.7896   3.5746940e-16
       5800.3248   3.7658500e-16
       5803.8600   3.7317910e-16
       5807.3952   3.6612510e-16
       5810.9304   3.6867510e-16
       5814.4655   3.5675470e-16
       5818.0007   3.5383760e-16
       5821.5359   3.6556520e-16
       5825.0711   3.7797000e-16
       5828.6063   3.7567790e-16
       5832.1415   3.5970450e-16
       5835.6767   3.4827400e-16
       5839.2119   3.6101310e-16
       5842.7471   3.6347170e-16
       5846.2822   3.4941300e-16
       5849.8174   3.5045110e-16
       5853.3526   3.4773150e-16
       5856.8878   3.5010250e-16
       5860.4230   3.5766060e-16
       5863.9582   3.6412490e-16
       5867.4934   3.5606060e-16
       5871.0286   3.4089660e-16
       5874.5637   3.4247220e-16
       5878.0989   3.5036520e-16
       5881.6341   3.4948330e-16
       5885.1693   3.3258860e-16
       5888.7045   3.4182870e-16
       5892.2397   3.4847530e-16
       5895.7749   3.3953800e-16
       5899.3101   3.3072060e-16
       5902.8453   3.4184300e-16
       5906.3804   3.4857080e-16
       5909.9156   3.3373010e-16
       5913.4508   3.2683420e-16
       5916.9860   3.1453240e-16
       5920.5212   3.1220410e-16
       5924.0564   3.1828320e-16
       5927.5916   3.2766130e-16
       5931.1268   3.3342840e-16
       5934.6620   3.2559470e-16
       5938.1971   3.3101390e-16
       5941.7323   3.3350470e-16
       5945.2675   3.2436630e-16
       5948.8027   3.3577370e-16
       5952.3379   3.3227170e-16
       5955.8731   3.2455270e-16
       5959.4083   3.2380110e-16
       5962.9435   3.2815770e-16
       5966.4787   3.2742020e-16
       5970.0138   3.1823210e-16
       5973.5490   3.2007840e-16
       5977.0842   3.3202930e-16
       5980.6194   3.3565480e-16
       5984.1546   3.3485670e-16
       5987.6898   3.1219900e-16
       5991.2250   3.0691330e-16
       5994.7602   2.9974560e-16
       5998.2954   3.0302960e-16
       6001.8305   3.0818940e-16
       6005.3657   3.0148740e-16
       6008.9009   3.0751410e-16
       6012.4361   3.1782610e-16
       6015.9713   3.1722310e-16
       6019.5065   3.2806520e-16
       6023.0417   3.2522590e-16
       6026.5769   3.0678610e-16
       6030.1121   3.0114380e-16
       6033.6472   3.0458020e-16
       6037.1824   3.1219510e-16
       6040.7176   3.1526700e-16
       6044.2528   3.1605750e-16
       6047.7880   3.1051270e-16
       6051.3232   3.0604240e-16
       6054.8584   3.1822880e-16
       6058.3936   3.1460220e-16
       6061.9288   2.9821980e-16
       6065.4639   3.0410080e-16
       6068.9991   3.0996040e-16
       6072.5343   3.0968760e-16
       6076.0695   3.0532660e-16
       6079.6047   3.0318200e-16
       6083.1399   3.0780090e-16
       6086.6751   2.9743620e-16
       6090.2103   2.9122300e-16
       6093.7455   2.9485420e-16
       6097.2806   2.9542700e-16
       6100.8158   2.9675620e-16
       6104.3510   3.0018830e-16
       6107.8862   3.0549610e-16
       6111.4214   3.0885700e-16
       6114.9566   3.0313320e-16
       6118.4918   2.8728820e-16
       6122.0270   2.8813720e-16
       6125.5622   2.9488430e-16
       6129.0973   2.9915760e-16
       6132.6325   3.0958790e-16
       6136.1677   3.1149460e-16
       6139.7029   2.9884560e-16
       6143.2381   2.9298440e-16
       6146.7733   2.9402290e-16
       6150.3085   2.9138220e-16
       6153.8437   2.8453750e-16
       6157.3789   2.7624630e-16
       6160.9140   2.8031830e-16
       6164.4492   2.9506880e-16
       6167.9844   3.0792790e-16
       6171.5196   2.9008260e-16
       6175.0548   2.8804260e-16
       6178.5900   2.8987200e-16
       6182.1252   2.7863510e-16
       6185.6604   2.8711330e-16
       6189.1956   2.8691730e-16
       6192.7307   2.8460280e-16
       6196.2659   2.8685040e-16
       6199.8011   2.7822340e-16
       6203.3363   2.8521700e-16
       6206.8715   2.7736590e-16
       6210.4067   2.7351210e-16
       6213.9419   2.9100890e-16
       6217.4771   2.8648820e-16
       6221.0123   2.8539490e-16
       6224.5474   2.7918750e-16
       6228.0826   2.7660440e-16
       6231.6178   2.9059220e-16
       6235.1530   2.9748370e-16
       6238.6882   2.9203460e-16
       6242.2234   2.9211170e-16
       6245.7586   2.8305430e-16
       6249.2938   2.7699530e-16
       6252.8289   2.8081830e-16
       6256.3641   2.9251690e-16
       6259.8993   2.9456200e-16
       6263.4345   2.8538340e-16
       6266.9697   2.8092280e-16
       6270.5049   2.7602750e-16
       6274.0401   2.8086750e-16
       6277.5753   2.6053690e-16
       6281.1105   2.7418670e-16
       6284.6456   2.6664850e-16
       6288.1808   2.6822310e-16
       6291.7160   2.7267320e-16
       6295.2512   2.6792540e-16
       6298.7864   2.6818990e-16
       6302.3216   2.6846420e-16
       6305.8568   2.7227610e-16
       6309.3920   2.6099870e-16
       6312.9272   2.7342000e-16
       6316.4623   2.7146600e-16
       6319.9975   2.7140930e-16
       6323.5327   2.7347820e-16
       6327.0679   2.7878740e-16
       6330.6031   2.8212460e-16
       6334.1383   2.7705670e-16
       6337.6735   2.7359300e-16
       6341.2087   2.7576070e-16
       6344.7439   2.7940260e-16
       6348.2790   2.7425620e-16
       6351.8142   2.9051240e-16
       6355.3494   2.9006660e-16
       6358.8846   2.8052990e-16
       6362.4198   2.8323940e-16
       6365.9550   2.9203830e-16
       6369.4902   2.8464500e-16
       6373.0254   2.8543650e-16
       6376.5606   2.9508420e-16
       6380.0957   2.9030970e-16
       6383.6309   2.9239630e-16
       6387.1661   2.9304040e-16
       6390.7013   2.9406250e-16
       6394.2365   2.9934650e-16
       6397.7717   3.0392280e-16
       6401.3069   3.0601560e-16
       6404.8421   2.9905150e-16
       6408.3773   2.9442880e-16
       6411.9124   2.9583920e-16
       6415.4476   2.9907190e-16
       6418.9828   2.9501710e-16
       6422.5180   2.9480170e-16
       6426.0532   2.9872330e-16
       6429.5884   3.0225840e-16
       6433.1236   3.0060130e-16
       6436.6588   3.0223910e-16
       6440.1940   3.0797490e-16
       6443.7291   3.0249090e-16
       6447.2643   2.9819490e-16
       6450.7995   2.9614000e-16
       6454.3347   2.9919300e-16
       6457.8699   3.0084020e-16
       6461.4051   3.0281990e-16
       6464.9403   2.9648280e-16
       6468.4755   2.9678050e-16
       6472.0107   3.0239080e-16
       6475.5458   3.0890930e-16
       6479.0810   3.1751820e-16
       6482.6162   3.0962880e-16
       6486.1514   3.0932320e-16
       6489.6866   3.0646780e-16
       6493.2218   3.0668690e-16
       6496.7570   3.1544820e-16
       6500.2922   3.1108580e-16
       6503.8274   2.9349550e-16
       6507.3625   3.0909760e-16
       6510.8977   3.1132650e-16
       6514.4329   3.1424190e-16
       6517.9681   3.1599720e-16
       6521.5033   3.1136960e-16
       6525.0385   3.1402600e-16
       6528.5737   3.1367100e-16
       6532.1089   3.1255220e-16
       6535.6441   3.2786790e-16
       6539.1792   3.1609290e-16
       6542.7144   3.2231450e-16
       6546.2496   3.2955060e-16
       6549.7848   3.1315720e-16
       6553.3200   3.1257140e-16
       6556.8552   3.1741710e-16
       6560.3904   3.1514040e-16
       6563.9256   3.1512040e-16
       6567.4608   3.1589510e-16
       6570.9959   3.0843410e-16
       6574.5311   3.0522710e-16
       6578.0663   3.1171010e-16
       6581.6015   3.2171960e-16
       6585.1367   3.2302400e-16
       6588.6719   3.2087160e-16
       6592.2071   3.1481920e-16
       6595.7423   3.1596190e-16
       6599.2775   3.2303500e-16
       6602.8126   3.2020780e-16
       6606.3478   3.1666400e-16
       6609.8830   3.1435540e-16
       6613.4182   3.2576680e-16
       6616.9534   3.2502800e-16
       6620.4886   3.1472510e-16
       6624.0238   3.1905860e-16
       6627.5590   3.3202770e-16
       6631.0942   3.3607780e-16
       6634.6293   3.1971300e-16
       6638.1645   3.1922280e-16
       6641.6997   3.2314630e-16
       6645.2349   3.2876630e-16
       6648.7701   3.2022800e-16
       6652.3053   3.1796020e-16
       6655.8405   3.2522780e-16
       6659.3757   3.1880570e-16
       6662.9108   3.1344940e-16
       6666.4460   3.2458730e-16
       6669.9812   3.1861690e-16
       6673.5164   3.2681450e-16
       6677.0516   3.3455860e-16
       6680.5868   3.2588860e-16
       6684.1220   3.2317890e-16
       6687.6572   3.2557980e-16
       6691.1924   3.2417420e-16
       6694.7275   3.3026500e-16
       6698.2627   3.1951306e-16
       6701.7979   3.1933270e-16
       6705.3331   3.1915234e-16
       6708.8683   3.1897197e-16
       6712.4035   3.1879161e-16
       6715.9387   3.1861125e-16
       6719.4739   3.1843089e-16
       6723.0091   3.1825052e-16
       6726.5442   3.1807017e-16
       6730.0794   3.1788980e-16
       6733.6146   3.1770944e-16
       6737.1498   3.1752908e-16
       6740.6850   3.1734872e-16
       6744.2202   3.1716836e-16
       6747.7554   3.1698799e-16
       6751.2906   3.1680763e-16
       6754.8258   3.1662727e-16
       6758.3609   3.1644691e-16
       6761.8961   3.1626655e-16
       6765.4313   3.1608619e-16
       6768.9665   3.1590582e-16
       6772.5017   3.1572546e-16
       6776.0369   3.1554510e-16
       6779.5721   3.1536474e-16
       6783.1073   3.2479340e-16
       6786.6425   3.1391350e-16
       6790.1776   3.0372260e-16
       6793.7128   3.0236970e-16
       6797.2480   2.9635210e-16
       6800.7832   3.0595090e-16
       6804.3184   3.1628390e-16
       6807.8536   3.1457960e-16
       6811.3888   3.0626660e-16
       6814.9240   3.2143640e-16
       6818.4592   3.2564450e-16
       6821.9943   3.1809510e-16
       6825.5295   3.1314630e-16
       6829.0647   3.0294220e-16
       6832.5999   2.9676730e-16
       6836.1351   3.0177950e-16
       6839.6703   3.1744830e-16
       6843.2055   3.0771680e-16
       6846.7407   3.0296760e-16
       6850.2759   2.9574030e-16
       6853.8110   3.0489370e-16
       6857.3462   3.0332405e-16
       6860.8814   3.0212084e-16
       6864.4166   3.0091763e-16
       6867.9518   2.9971442e-16
       6871.4870   2.9851120e-16
       6875.0222   2.9730799e-16
       6878.5574   2.9610478e-16
       6882.0926   2.9490156e-16
       6885.6277   2.9369839e-16
       6889.1629   2.9249517e-16
       6892.6981   2.9771630e-16
       6896.2333   3.0314860e-16
       6899.7685   2.9287740e-16
       6903.3037   2.8568360e-16
       6906.8389   2.8263720e-16
       6910.3741   2.8837220e-16
       6913.9093   2.8296890e-16
       6917.4444   2.8113570e-16
       6920.9796   2.8523520e-16
       6924.5148   2.9035000e-16
       6928.0500   2.8311130e-16
       6931.5852   2.8907310e-16
       6935.1204   2.9603560e-16
       6938.6556   2.9378500e-16
       6942.1908   2.6896060e-16
       6945.7260   2.3972990e-16
       6949.2611   2.3065830e-16
       6952.7963   2.4207550e-16
       6956.3315   2.5765230e-16
       6959.8667   2.5980360e-16
       6963.4019   2.5674430e-16
       6966.9371   2.6421230e-16
       6970.4723   2.7701870e-16
       6974.0075   2.6816560e-16
       6977.5427   2.8075770e-16
       6981.0778   2.8747050e-16
       6984.6130   2.8086430e-16
       6988.1482   2.8065440e-16
       6991.6834   2.7087790e-16
       6995.2186   2.7114790e-16
       6998.7538   2.7484090e-16
       7002.2890   2.7160830e-16
       7005.8242   2.6862650e-16
       7009.3594   2.4896010e-16
       7012.8945   2.5363910e-16
       7016.4297   2.7172710e-16
       7019.9649   2.6911790e-16
       7023.5001   2.6493970e-16
       7027.0353   2.6157370e-16
       7030.5705   2.4574130e-16
       7034.1057   2.5205460e-16
       7037.6409   2.6510330e-16
       7041.1761   2.5209930e-16
       7044.7112   2.6741410e-16
       7048.2464   2.6686500e-16
       7051.7816   2.5612840e-16
       7055.3168   2.5174040e-16
       7058.8520   2.4730830e-16
       7062.3872   2.4634320e-16
       7065.9224   2.4707830e-16
       7069.4576   2.4921940e-16
       7072.9927   2.4135440e-16
       7076.5279   2.4414870e-16
       7080.0631   2.4880510e-16
       7083.5983   2.4581080e-16
       7087.1335   2.4963230e-16
       7090.6687   2.5338150e-16
       7094.2039   2.5561040e-16
       7097.7391   2.5110810e-16
       7101.2743   2.5070690e-16
       7104.8094   2.4618560e-16
       7108.3446   2.4271180e-16
       7111.8798   2.5347940e-16
       7115.4150   2.5089500e-16
       7118.9502   2.4742470e-16
       7122.4854   2.5106620e-16
       7126.0206   2.5412130e-16
       7129.5558   2.4083080e-16
       7133.0910   2.3912640e-16
       7136.6261   2.5497500e-16
       7140.1613   2.4967800e-16
       7143.6965   2.4792940e-16
       7147.2317   2.5269280e-16
       7150.7669   2.4628390e-16
       7154.3021   2.5509180e-16
       7157.8373   2.5691270e-16
       7161.3725   2.5220780e-16
       7164.9077   2.4881040e-16
       7168.4428   2.4315240e-16
       7171.9780   2.6278760e-16
       7175.5132   2.4002080e-16
       7179.0484   2.4334290e-16
       7182.5836   2.4369240e-16
       7186.1188   2.3508430e-16
       7189.6540   2.4285790e-16
       7193.1892   2.5493190e-16
       7196.7244   2.4322330e-16
       7200.2595   2.4086130e-16
       7203.7947   2.5000110e-16
       7207.3299   2.3461080e-16
       7210.8651   2.3704920e-16
       7214.4003   2.4590350e-16
       7217.9355   2.5179800e-16
       7221.4707   2.4150410e-16
       7225.0059   2.4678690e-16
       7228.5411   2.4055170e-16
       7232.0762   2.5274390e-16
       7235.6114   2.4273250e-16
       7239.1466   2.3698150e-16
       7242.6818   2.4543750e-16
       7246.2170   2.5095060e-16
       7249.7522   2.4410750e-16
       7253.2874   2.3642700e-16
       7256.8226   2.5020330e-16
       7260.3578   2.4853860e-16
       7263.8929   2.4488540e-16
       7267.4281   2.5252880e-16
       7270.9633   2.4311460e-16
       7274.4985   2.4505330e-16
       7278.0337   2.4800100e-16
       7281.5689   2.4477290e-16
       7285.1041   2.4755510e-16
       7288.6393   2.5375440e-16
       7292.1745   2.3141990e-16
       7295.7096   2.2552460e-16
       7299.2448   2.4043220e-16
       7302.7800   2.2808300e-16
       7306.3152   2.3878820e-16
       7309.8504   2.3573440e-16
       7313.3856   2.3919580e-16
       7316.9208   2.3087500e-16
       7320.4560   2.3830090e-16
       7323.9912   2.3319950e-16
       7327.5263   2.1586650e-16
       7331.0615   2.2176200e-16
       7334.5967   2.3356130e-16
       7338.1319   2.2752120e-16
       7341.6671   2.2208490e-16
       7345.2023   2.2165650e-16
       7348.7375   2.1654200e-16
       7352.2727   2.2965580e-16
       7355.8079   2.3040410e-16
       7359.3430   2.1514690e-16
       7362.8782   2.2235380e-16
       7366.4134   2.2274230e-16
       7369.9486   2.1231160e-16
       7373.4838   2.0807160e-16
       7377.0190   2.0447810e-16
       7380.5542   2.1320420e-16
       7384.0894   2.2384130e-16
       7387.6246   1.9295230e-16
       7391.1597   2.0248090e-16
       7394.6949   2.0266790e-16
       7398.2301   2.1139000e-16
       7401.7653   2.0020030e-16
       7405.3005   1.8610370e-16
       7408.8357   1.9158410e-16
       7412.3709   1.9740850e-16
       7415.9061   1.9319100e-16
       7419.4413   1.8129050e-16
       7422.9764   1.8619850e-16
       7426.5116   1.8519390e-16
       7430.0468   1.7617550e-16
       7433.5820   1.8774650e-16
       7437.1172   1.8354650e-16
       7440.6524   1.8580680e-16
       7444.1876   1.8299690e-16
       7447.7228   1.7143140e-16
       7451.2579   1.7276400e-16
       7454.7931   1.6637790e-16
       7458.3283   1.6562790e-16
       7461.8635   1.7303320e-16
       7465.3987   1.6973740e-16
       7468.9339   1.7357510e-16
       7472.4691   1.7636320e-16
       7476.0043   1.6934640e-16
       7479.5395   1.6011920e-16
       7483.0746   1.6812120e-16
       7486.6098   1.7412960e-16
       7490.1450   1.5875400e-16
       7493.6802   1.4960680e-16
       7497.2154   1.5296740e-16
       7500.7506   1.6910990e-16
       7504.2858   1.6079590e-16
       7507.8210   1.7320990e-16
       7511.3562   1.7819240e-16
       7514.8913   1.9011410e-16
       7518.4265   1.8752120e-16
       7521.9617   1.8215070e-16
       7525.4969   1.7891010e-16
       7529.0321   1.7795730e-16
       7532.5673   1.9008950e-16
       7536.1025   1.9902740e-16
       7539.6377   1.8647220e-16
       7543.1729   1.7602740e-16
       7546.7080   1.7094740e-16
       7550.2432   1.6336690e-16
       7553.7784   1.6988050e-16
       7557.3136   1.7479330e-16
       7560.8488   1.5718820e-16
       7564.3840   1.5052330e-16
       7567.9192   1.6458020e-16
       7571.4544   1.5893140e-16
       7574.9896   1.5774440e-16
       7578.5247   1.7056740e-16
       7582.0599   1.6100600e-16
       7585.5951   1.5446720e-16
       7589.1303   1.5240870e-16
       7592.6655   1.5035030e-16
       7596.2007   1.4829180e-16
       7599.7359   1.4623340e-16
       7603.2711   1.4417490e-16
       7606.8063   1.4211650e-16
       7610.3414   1.4005800e-16
       7613.8766   1.3799960e-16
       7617.4118   1.2598440e-16
       7620.9470   1.4186530e-16
       7624.4822   1.4367690e-16
       7628.0174   1.5077200e-16
       7631.5526   1.7560140e-16
       7635.0878   1.7668780e-16
       7638.6230   1.4773570e-16
       7642.1581   1.3730130e-16
       7645.6933   1.4432300e-16
       7649.2285   1.2651430e-16
       7652.7637   1.1780100e-16
       7656.2989   1.3915340e-16
       7659.8341   1.2402630e-16
       7663.3693   1.2448570e-16
       7666.9045   1.2873880e-16
       7670.4397   1.3663760e-16
       7673.9748   1.2913410e-16
       7677.5100   1.2300690e-16
       7681.0452   1.3627220e-16
       7684.5804   1.4025860e-16
       7688.1156   1.3573360e-16
       7691.6508   1.4751080e-16
       7695.1860   1.4335970e-16
       7698.7212   1.4784630e-16
       7702.2564   1.4679430e-16
       7705.7915   1.4219060e-16
       7709.3267   1.3321130e-16
       7712.8619   1.3031720e-16
       7716.3971   1.3191930e-16
       7719.9323   1.2740070e-16
       7723.4675   1.3415360e-16
       7727.0027   1.4225970e-16
       7730.5379   1.3622730e-16
       7734.0731   1.3789510e-16
       7737.6082   1.4640580e-16
       7741.1434   1.4675330e-16
       7744.6786   1.4639960e-16
       7748.2138   1.5403200e-16
       7751.7490   1.5442300e-16
       7755.2842   1.5953270e-16
       7758.8194   1.5871450e-16
       7762.3546   1.4099100e-16
       7765.8898   1.3980640e-16
       7769.4249   1.3767780e-16
       7772.9601   1.5400660e-16
       7776.4953   1.6066270e-16
       7780.0305   1.3917680e-16
       7783.5657   1.4166350e-16
       7787.1009   1.4950020e-16
       7790.6361   1.4940190e-16
       7794.1713   1.3882930e-16
       7797.7065   1.4458170e-16
       7801.2416   1.5465630e-16
       7804.7768   1.5261530e-16
       7808.3120   1.5030870e-16
       7811.8472   1.5095540e-16
       7815.3824   1.5289510e-16
       7818.9176   1.4960100e-16
       7822.4528   1.5231850e-16
       7825.9880   1.4884790e-16
       7829.5232   1.4120670e-16
       7833.0583   1.5117570e-16
       7836.5935   1.5935140e-16
       7840.1287   1.5554280e-16
       7843.6639   1.5158670e-16
       7847.1991   1.3457800e-16
       7850.7343   1.3534250e-16
       7854.2695   1.4151160e-16
       7857.8047   1.6111720e-16
       7861.3398   1.5633030e-16
       7864.8750   1.4066940e-16
       7868.4102   1.4457410e-16
       7871.9454   1.5116930e-16
       7875.4806   1.5953820e-16
       7879.0158   1.4505540e-16
       7882.5510   1.3066020e-16
       7886.0862   1.3841630e-16
       7889.6214   1.3918680e-16
       7893.1565   1.4598990e-16
       7896.6917   1.5169010e-16
       7900.2269   1.3489870e-16
       7903.7621   1.3885400e-16
       7907.2973   1.5769830e-16
       7910.8325   1.4677110e-16
       7914.3677   1.3902710e-16
       7917.9029   1.3538750e-16
       7921.4381   1.4281120e-16
       7924.9732   1.3881420e-16
       7928.5084   1.3756690e-16
       7932.0436   1.4472870e-16
       7935.5788   1.3912810e-16
       7939.1140   1.4896360e-16
       7942.6492   1.5511710e-16
       7946.1844   1.4225150e-16
       7949.7196   1.4127090e-16
       7953.2548   1.5588390e-16
       7956.7899   1.5905470e-16
       7960.3251   1.5036320e-16
       7963.8603   1.5023220e-16
       7967.3955   1.5488440e-16
       7970.9307   1.5398760e-16
       7974.4659   1.4497300e-16
       7978.0011   1.3899190e-16
       7981.5363   1.5359310e-16
       7985.0715   1.5417370e-16
       7988.6066   1.5916670e-16
       7992.1418   1.4644300e-16
       7995.6770   1.4948940e-16
       7999.2122   1.6393830e-16
       8002.7474   1.3711310e-16
       8006.2826   1.4704170e-16
       8009.8178   1.4075170e-16
       8013.3530   1.4059400e-16
       8016.8882   1.5615740e-16
       8020.4233   1.5041250e-16
       8023.9585   1.3301430e-16
       8027.4937   1.3096400e-16
       8031.0289   1.3788180e-16
       8034.5641   1.3209710e-16
       8038.0993   1.3216760e-16
       8041.6345   1.4193390e-16
       8045.1697   1.4038390e-16
       8048.7049   1.3334470e-16
       8052.2400   1.2662240e-16
       8055.7752   1.4040880e-16
       8059.3104   1.4385690e-16
       8062.8456   1.4444570e-16
       8066.3808   1.4423060e-16
       8069.9160   1.3866560e-16
       8073.4512   1.2941350e-16
       8076.9864   1.3051180e-16
       8080.5216   1.3599860e-16
       8084.0567   1.2913700e-16
       8087.5919   1.2761140e-16
       8091.1271   1.2838040e-16
       8094.6623   1.2938950e-16
       8098.1975   1.2580160e-16
       8101.7327   1.1975700e-16
       8105.2679   1.2106280e-16
       8108.8031   1.2395960e-16
       8112.3383   1.1910010e-16
       8115.8734   1.1803300e-16
       8119.4086   1.2457800e-16
       8122.9438   1.2564310e-16
       8126.4790   1.3260540e-16
       8130.0142   1.3673220e-16
       8133.5494   1.2344590e-16
       8137.0846   1.2053930e-16
       8140.6198   1.2139430e-16
       8144.1550   1.1655680e-16
       8147.6901   1.1853800e-16
       8151.2253   1.2056740e-16
       8154.7605   1.3127140e-16
       8158.2957   1.1490000e-16
       8161.8309   1.0905530e-16
       8165.3661   1.1132890e-16
       8168.9013   1.1258240e-16
       8172.4365   1.1450340e-16
       8175.9717   1.1596970e-16
       8179.5068   1.1242370e-16
       8183.0420   1.1328560e-16
       8186.5772   1.1758360e-16
       8190.1124   1.1910810e-16
       8193.6476   1.3818220e-16
       8197.1828   1.1811300e-16
       8200.7180   9.3194520e-17
       8204.2532   1.1175120e-16
       8207.7884   1.1512600e-16
       8211.3235   1.2977860e-16
       8214.8587   1.2397640e-16
       8218.3939   1.2412640e-16
       8221.9291   1.2190600e-16
       8225.4643   1.2169620e-16
       8228.9995   1.1513270e-16
       8232.5347   1.1243190e-16
       8236.0699   1.1528340e-16
       8239.6051   1.1413020e-16
       8243.1402   1.1597320e-16
       8246.6754   1.1052450e-16
       8250.2106   1.1122380e-16
       8253.7458   1.2337440e-16
       8257.2810   1.1606200e-16
       8260.8162   1.2080700e-16
       8264.3514   1.3108470e-16
       8267.8866   1.3462540e-16
       8271.4217   1.2070690e-16
       8274.9569   1.1107520e-16
       8278.4921   1.2114790e-16
       8282.0273   1.3579410e-16
       8285.5625   1.2583050e-16
       8289.0977   1.3324140e-16
       8292.6329   1.1554380e-16
       8296.1681   1.2358370e-16
       8299.7033   1.2999270e-16
       8303.2384   1.3282420e-16
       8306.7736   1.2889650e-16
       8310.3088   1.1921930e-16
       8313.8440   1.2691500e-16
       8317.3792   1.2443940e-16
       8320.9144   1.2622420e-16
       8324.4496   1.2885950e-16
       8327.9848   1.1088380e-16
       8331.5200   1.4545370e-16
       8335.0551   1.4015270e-16
       8338.5903   1.2483660e-16
       8342.1255   1.3116820e-16
       8345.6607   1.0872470e-16
       8349.1959   1.1776130e-16
       8352.7311   1.2695940e-16
       8356.2663   1.3028070e-16
       8359.8015   1.3406350e-16
       8363.3367   1.3998980e-16
       8366.8718   1.4304960e-16
       8370.4070   1.3937380e-16
       8373.9422   1.3378710e-16
       8377.4774   1.3954450e-16
       8381.0126   1.4651070e-16
       8384.5478   1.4734970e-16
       8388.0830   1.5872290e-16
       8391.6182   1.4824530e-16
       8395.1534   1.3549210e-16
       8398.6885   1.5037740e-16
       8402.2237   1.5368770e-16
       8405.7589   1.3131670e-16
       8409.2941   1.4433440e-16
       8412.8293   1.5697990e-16
       8416.3645   1.4843020e-16
       8419.8997   1.3972830e-16
       8423.4349   1.5114520e-16
       8426.9701   1.5262890e-16
       8430.5052   1.6323500e-16
       8434.0404   1.7031340e-16
       8437.5756   1.5868770e-16
       8441.1108   1.5394100e-16
       8444.6460   1.4781650e-16
       8448.1812   1.5089050e-16
       8451.7164   1.6592810e-16
       8455.2516   1.7231510e-16
       8458.7868   1.5794390e-16
       8462.3219   1.5576410e-16
       8465.8571   1.6578880e-16
       8469.3923   1.5767010e-16
       8472.9275   1.7249730e-16
       8476.4627   1.7703720e-16
       8479.9979   1.9230860e-16
       8483.5331   1.7849210e-16
       8487.0683   1.7694680e-16
       8490.6035   1.9207870e-16
       8494.1386   1.7576190e-16
       8497.6738   1.7017000e-16
       8501.2090   1.7930960e-16
       8504.7442   1.7551800e-16
       8508.2794   1.9617700e-16
       8511.8146   1.9942720e-16
       8515.3498   1.7767380e-16
       8518.8850   1.8176270e-16
       8522.4202   1.7969990e-16
       8525.9553   1.7360840e-16
       8529.4905   1.8171440e-16
       8533.0257   2.0594050e-16
       8536.5609   1.9437580e-16
       8540.0961   1.9221700e-16
       8543.6313   2.0854100e-16
       8547.1665   2.0311570e-16
       8550.7017   1.9170570e-16
       8554.2369   2.0292600e-16
       8557.7720   2.0699940e-16
       8561.3072   1.9510090e-16
       8564.8424   1.9801240e-16
       8568.3776   2.0578220e-16
       8571.9128   2.0954860e-16
       8575.4480   1.9720510e-16
       8578.9832   2.0843270e-16
       8582.5184   2.2290310e-16
       8586.0536   2.0945060e-16
       8589.5887   2.0702480e-16
       8593.1239   2.0931510e-16
       8596.6591   2.1995290e-16
       8600.1943   2.2480530e-16
       8603.7295   2.2357460e-16
       8607.2647   2.2557100e-16
       8610.7999   2.1587690e-16
       8614.3351   2.0785700e-16
       8617.8703   2.1843160e-16
       8621.4054   2.1719270e-16
       8624.9406   2.0976370e-16
       8628.4758   2.1514510e-16
       8632.0110   2.1295220e-16
       8635.5462   2.3042460e-16
       8639.0814   2.0964050e-16
       8642.6166   2.1353720e-16
       8646.1518   2.0698830e-16
       8649.6869   1.9941650e-16
       8653.2221   2.1452520e-16
       8656.7573   2.3050290e-16
       8660.2925   2.1449280e-16
       8663.8277   2.0839580e-16
       8667.3629   2.0422440e-16
       8670.8981   2.0504630e-16
       8674.4333   2.3206710e-16
       8677.9685   2.2559630e-16
       8681.5036   2.1764890e-16
       8685.0388   2.1632350e-16
       8688.5740   2.2687360e-16
       8692.1092   2.3201910e-16
       8695.6444   2.2870880e-16
       8699.1796   2.1339410e-16
       8702.7148   2.1691700e-16
       8706.2500   2.0577070e-16
       8709.7852   2.1330080e-16
       8713.3203   2.2668320e-16
       8716.8555   2.1658260e-16
       8720.3907   2.1083570e-16
       8723.9259   2.1321790e-16
       8727.4611   2.1232330e-16
       8730.9963   2.1622810e-16
       8734.5315   2.1754350e-16
       8738.0667   2.2508160e-16
       8741.6019   2.2870200e-16
       8745.1370   2.2849680e-16
       8748.6722   2.3202310e-16
       8752.2074   2.3333660e-16
       8755.7426   2.1780000e-16
       8759.2778   2.2362120e-16
       8762.8130   2.3021460e-16
       8766.3482   2.2719800e-16
       8769.8834   2.1806950e-16
       8773.4186   2.2208730e-16
       8776.9537   2.2495870e-16
       8780.4889   2.1194600e-16
       8784.0241   2.2232550e-16
       8787.5593   2.2976880e-16
       8791.0945   2.2115680e-16
       8794.6297   2.2845000e-16
       8798.1649   2.0049560e-16
       8801.7001   2.0128260e-16
       8805.2353   2.2620950e-16
       8808.7704   2.3028420e-16
       8812.3056   2.2199600e-16
       8815.8408   2.2358440e-16
       8819.3760   2.3512200e-16
       8822.9112   2.2697620e-16
       8826.4464   2.1831180e-16
       8829.9816   2.2933540e-16
       8833.5168   2.4131930e-16
       8837.0520   2.5549550e-16
       8840.5871   2.4050260e-16
       8844.1223   2.1855770e-16
       8847.6575   2.3703680e-16
       8851.1927   2.1520200e-16
       8854.7279   1.8989090e-16
       8858.2631   2.1036390e-16
       8861.7983   2.2082270e-16
       8865.3335   2.3836820e-16
       8868.8687   2.3653400e-16
       8872.4038   2.1644400e-16
       8875.9390   2.2087790e-16
       8879.4742   2.3031230e-16
       8883.0094   2.2751610e-16
       8886.5446   2.2957180e-16
       8890.0798   2.2790640e-16
       8893.6150   2.2419290e-16
       8897.1502   2.1601620e-16
       8900.6854   2.2687290e-16
       8904.2205   2.2760820e-16
       8907.7557   2.2711220e-16
       8911.2909   2.4332050e-16
       8914.8261   2.4099500e-16
       8918.3613   2.3589330e-16
       8921.8965   2.2895820e-16
       8925.4317   2.3535840e-16
       8928.9669   2.4461190e-16
       8932.5021   2.4074380e-16
       8936.0372   2.5287440e-16
       8939.5724   2.4169930e-16
       8943.1076   2.4946490e-16
       8946.6428   2.5815540e-16
       8950.1780   2.4728040e-16
       8953.7132   2.6820110e-16
       8957.2484   2.3923870e-16
       8960.7836   2.4657660e-16
       8964.3188   2.5942060e-16
       8967.8539   2.3714380e-16
       8971.3891   2.4089050e-16
       8974.9243   2.2670650e-16
       8978.4595   1.9805420e-16
       8981.9947   2.2790300e-16
       8985.5299   2.2543950e-16
       8989.0651   2.1325290e-16
       8992.6003   2.3931210e-16
       8996.1355   2.2510810e-16
       8999.6706   2.3472480e-16
       9003.2058   2.1438400e-16
       9006.7410   2.0051030e-16
       9010.2762   1.9348220e-16
       9013.8114   2.0010270e-16
       9017.3466   2.0992910e-16
       9020.8818   2.1783360e-16
       9024.4170   2.1479980e-16
       9027.9522   2.0092340e-16
       9031.4873   2.0535690e-16
       9035.0225   2.0961570e-16
       9038.5577   2.2317840e-16
       9042.0929   1.9380730e-16
       9045.6281   2.0719380e-16
       9049.1633   2.2642830e-16
       9052.6985   2.1588850e-16
       9056.2337   2.2944470e-16
       9059.7688   2.2955430e-16
       9063.3040   2.1356480e-16
       9066.8392   2.1042320e-16
       9070.3744   2.2119080e-16
       9073.9096   2.3272390e-16
       9077.4448   2.2194920e-16
       9080.9800   2.2074340e-16
       9084.5152   2.3032560e-16
       9088.0504   2.0761530e-16
       9091.5855   2.0196200e-16
       9095.1207   2.0260650e-16
       9098.6559   2.2995280e-16
       9102.1911   2.1756770e-16
       9105.7263   2.1602110e-16
       9109.2615   2.1318520e-16
       9112.7967   1.9922780e-16
       9116.3319   2.0780110e-16
       9119.8671   2.0309100e-16
       9123.4022   1.9003760e-16
       9126.9374   1.9723710e-16
       9130.4726   2.2036620e-16
       9134.0078   1.9961750e-16
       9137.5430   1.9278250e-16
       9141.0782   1.9614290e-16
       9144.6134   2.0502550e-16
       9148.1486   1.9167250e-16
       9151.6838   1.8963650e-16
       9155.2189   1.9866580e-16
       9158.7541   1.8803890e-16
       9162.2893   1.7660930e-16
       9165.8245   1.7839570e-16
       9169.3597   1.7433170e-16
       9172.8949   1.5820780e-16
       9176.4301   1.7959280e-16
       9179.9653   1.8839130e-16
       9183.5005   2.0355750e-16
       9187.0356   1.8766080e-16
       9190.5708   1.8229440e-16
       9194.1060   1.8059620e-16
       9197.6412   1.9375250e-16
       9201.1764   2.1813620e-16
       9204.7116   1.9689530e-16
       9208.2468   1.6343310e-16
       9211.7820   1.8116440e-16
       9215.3172   1.9687910e-16
       9218.8523   1.9224520e-16
       9222.3875   2.0626270e-16
       9225.9227   2.0661000e-16
       9229.4579   1.8887160e-16
       9232.9931   1.9272000e-16
       9236.5283   2.0110800e-16
       9240.0635   2.0265630e-16
       9243.5987   2.1051100e-16
       9247.1339   2.1111530e-16
       9250.6690   2.1274820e-16
       9254.2042   2.2716690e-16
       9257.7394   2.1294710e-16
       9261.2746   2.2709670e-16
       9264.8098   2.3526080e-16
       9268.3450   2.0984740e-16
       9271.8802   2.0902120e-16
       9275.4154   2.4038960e-16
       9278.9506   2.4008690e-16
       9282.4857   2.0825390e-16
       9286.0209   2.1803600e-16
       9289.5561   2.4557810e-16
       9293.0913   2.3403710e-16
       9296.6265   2.3373130e-16
       9300.1617   2.2747520e-16
       9303.6969   2.3431720e-16
       9307.2321   2.4067280e-16
       9310.7673   2.3995810e-16
       9314.3024   2.2164730e-16
       9317.8376   2.2070930e-16
       9321.3728   2.7226110e-16
       9324.9080   2.5771800e-16
       9328.4432   1.8757580e-16
       9331.9784   2.3353530e-16
       9335.5136   2.9986980e-16
       9339.0488   2.6065220e-16
       9342.5840   2.7850970e-16
       9346.1191   2.3605720e-16
       9349.6543   2.3124690e-16
       9353.1895   1.5958730e-16
       9356.7247   1.9609590e-16
       9360.2599   2.5166940e-16
       9363.7951   2.4013740e-16
       9367.3303   2.1609050e-16
       9370.8655   1.9421240e-16
       9374.4007   1.9694610e-16
       9377.9358   1.9881330e-16
       9381.4710   1.9091900e-16
       9385.0062   1.9988510e-16
       9388.5414   2.2769030e-16
       9392.0766   2.3734880e-16
       9395.6118   2.3571110e-16
       9399.1470   2.2955210e-16
       9402.6822   2.2741850e-16
       9406.2174   2.1097220e-16
       9409.7525   2.1432200e-16
       9413.2877   2.4595250e-16
       9416.8229   2.2151770e-16
       9420.3581   2.1386600e-16
       9423.8933   2.0375640e-16
       9427.4285   2.7168630e-16
       9430.9637   2.7131480e-16
       9434.4989   2.0157060e-16
       9438.0341   2.0242750e-16
       9441.5692   2.3973930e-16
       9445.1044   2.6176380e-16
       9448.6396   2.4235790e-16
       9452.1748   1.8465910e-16
       9455.7100   2.1279820e-16
       9459.2452   2.3867470e-16
       9462.7804   1.8689590e-16
       9466.3156   1.8944450e-16
       9469.8507   1.4215250e-16
       9473.3859   1.9018840e-16
       9476.9211   1.9904690e-16
       9480.4563   1.9062550e-16
       9483.9915   2.2251930e-16
       9487.5267   2.3014610e-16
       9491.0619   2.4601270e-16
       9494.5971   2.2549070e-16
       9498.1323   2.3816850e-16
       9501.6674   2.0051250e-16
       9505.2026   1.7081560e-16
       9508.7378   2.0608960e-16
       9512.2730   1.7276880e-16
       9515.8082   1.7569250e-16
       9519.3434   2.2131760e-16
       9522.8786   2.0256030e-16
       9526.4138   1.9203440e-16
       9529.9490   1.9624410e-16
       9533.4841   1.5470300e-16
       9537.0193   1.8983070e-16
       9540.5545   1.7369610e-16
       9544.0897   1.5992580e-16
       9547.6249   2.3174270e-16
       9551.1601   2.2403550e-16
       9554.6953   1.7550610e-16
       9558.2305   1.9678020e-16
       9561.7657   2.0499670e-16
       9565.3008   1.8235620e-16
       9568.8360   1.8418190e-16
       9572.3712   1.4272600e-16
       9575.9064   1.3772050e-16
       9579.4416   1.8233060e-16
       9582.9768   2.4095720e-16
       9586.5120   1.7218630e-16
       9590.0472   1.4191320e-16
       9593.5824   2.0140080e-16
       9597.1175   2.2929460e-16
       9600.6527   2.3254570e-16
       9604.1879   1.8351460e-16
       9607.7231   1.5305110e-16
       9611.2583   1.8256510e-16
       9614.7935   1.1557440e-16
       9618.3287   1.6195640e-16
       9621.8639   1.8999430e-16
       9625.3991   1.8191260e-16
       9628.9342   1.7639780e-16
       9632.4694   1.3348280e-16
       9636.0046   1.1263700e-16
       9639.5398   1.2767540e-16
       9643.0750   1.2154140e-16
