# DICHROIC = D55
# HA = -00:37:39.2
# ANGLE = 27 deg 17 min
# OBSERVER = Lin Yan
# OBSLST = 13:57:03.9
# OBJECT = ZTF20aalxlis
# CASSPA = -125.00
# PARALLAC = 231.39
# HOURANG = E00:37:39.2
# CCDTEMP = 161.57
# LAMPS = 0000000
# RA = 14:33:55.79
# GRATING = 600/4000
# APERTURE = 1.0
# TELFOCUS = 44.48 mm
# AIRMASS = 1.016
# DEC = +40:14:26.7
# UTSHUT = 2020-02-12T12:16:26.713
# EXPTIME = 600
3300.000 5.3514e-16
3301.535 3.8538e-16
3303.071 3.3808e-16
3304.606 4.765e-16
3306.142 6.3886e-16
3307.677 3.7888e-16
3309.212 5.9859e-16
3310.748 3.4033e-16
3312.283 5.3285e-16
3313.819 3.7871e-16
3315.354 4.5082e-16
3316.889 4.0348e-16
3318.425 4.4189e-16
3319.960 5.29e-16
3321.496 5.5714e-16
3323.031 4.9956e-16
3324.566 5.6865e-16
3326.102 4.9936e-16
3327.637 6.1005e-16
3329.172 4.6866e-16
3330.708 4.4294e-16
3332.243 4.6732e-16
3333.779 4.8278e-16
3335.314 5.1529e-16
3336.849 4.7334e-16
3338.385 4.9061e-16
3339.920 6.4678e-16
3341.456 4.0711e-16
3342.991 4.012e-16
3344.526 4.9998e-16
3346.062 5.6773e-16
3347.597 4.7698e-16
3349.133 5.0353e-16
3350.668 4.2697e-16
3352.203 2.5612e-16
3353.739 4.4273e-16
3355.274 2.4408e-16
3356.810 4.2096e-16
3358.345 6.1006e-16
3359.880 5.3741e-16
3361.416 5.6669e-16
3362.951 4.8539e-16
3364.487 4.9236e-16
3366.022 5.243e-16
3367.557 5.2846e-16
3369.093 5.3996e-16
3370.628 4.5979e-16
3372.164 5.2834e-16
3373.699 4.2823e-16
3375.234 6.25e-16
3376.770 4.172e-16
3378.305 5.9518e-16
3379.840 4.2402e-16
3381.376 4.2674e-16
3382.911 4.5039e-16
3384.447 3.7059e-16
3385.982 3.8169e-16
3387.517 3.7668e-16
3389.053 3.6821e-16
3390.588 4.4215e-16
3392.124 3.9079e-16
3393.659 4.1585e-16
3395.194 4.7247e-16
3396.730 4.6683e-16
3398.265 3.9005e-16
3399.801 4.619e-16
3401.336 4.0901e-16
3402.871 5.0127e-16
3404.407 4.767e-16
3405.942 4.3797e-16
3407.478 4.5151e-16
3409.013 4.4197e-16
3410.548 4.9753e-16
3412.084 5.193e-16
3413.619 4.8417e-16
3415.155 4.314e-16
3416.690 4.517e-16
3418.225 5.2897e-16
3419.761 5.8237e-16
3421.296 5.8044e-16
3422.832 4.7819e-16
3424.367 5.1178e-16
3425.902 5.6854e-16
3427.438 4.7509e-16
3428.973 4.7983e-16
3430.508 6.4608e-16
3432.044 4.7786e-16
3433.579 4.1882e-16
3435.115 3.7639e-16
3436.650 4.8031e-16
3438.185 4.9148e-16
3439.721 4.9697e-16
3441.256 5.1544e-16
3442.792 4.1605e-16
3444.327 4.9223e-16
3445.862 4.9646e-16
3447.398 6.1764e-16
3448.933 5.761e-16
3450.469 4.9526e-16
3452.004 5.2644e-16
3453.539 5.7002e-16
3455.075 4.9363e-16
3456.610 4.6935e-16
3458.146 5.0836e-16
3459.681 4.8022e-16
3461.216 4.9935e-16
3462.752 4.4746e-16
3464.287 5.6574e-16
3465.823 5.695e-16
3467.358 4.8994e-16
3468.893 3.7609e-16
3470.429 5.2728e-16
3471.964 5.4704e-16
3473.500 4.4403e-16
3475.035 5.1816e-16
3476.570 5.9631e-16
3478.105 5.6339e-16
3479.641 5.5233e-16
3481.176 5.892e-16
3482.712 5.9937e-16
3484.247 6.2426e-16
3485.782 6.1485e-16
3487.318 5.2076e-16
3488.853 5.2267e-16
3490.389 5.5577e-16
3491.924 4.3853e-16
3493.459 4.6597e-16
3494.995 4.5353e-16
3496.530 5.0571e-16
3498.066 6.1442e-16
3499.601 5.8363e-16
3501.136 4.917e-16
3502.672 5.1477e-16
3504.207 5.4425e-16
3505.743 5.0238e-16
3507.278 5.708e-16
3508.813 5.6086e-16
3510.349 5.3398e-16
3511.884 5.3994e-16
3513.420 5.2819e-16
3514.955 5.0597e-16
3516.490 5.3326e-16
3518.026 5.1388e-16
3519.561 5.2004e-16
3521.097 4.6936e-16
3522.632 4.5265e-16
3524.167 4.9947e-16
3525.703 5.2162e-16
3527.238 5.3502e-16
3528.773 5.2971e-16
3530.309 5.3233e-16
3531.844 5.6787e-16
3533.380 5.3914e-16
3534.915 4.8977e-16
3536.450 4.414e-16
3537.986 4.971e-16
3539.521 5.0565e-16
3541.057 4.9195e-16
3542.592 4.9517e-16
3544.127 6.0302e-16
3545.663 5.926e-16
3547.198 6.0887e-16
3548.734 6.1783e-16
3550.269 4.9623e-16
3551.804 5.2182e-16
3553.340 4.9e-16
3554.875 4.9083e-16
3556.411 5.2353e-16
3557.946 5.8324e-16
3559.481 5.2772e-16
3561.017 5.3221e-16
3562.552 5.6242e-16
3564.088 5.5711e-16
3565.623 5.2353e-16
3567.158 5.9071e-16
3568.694 5.9547e-16
3570.229 5.3806e-16
3571.765 5.3299e-16
3573.300 5.5938e-16
3574.835 4.8849e-16
3576.371 4.6948e-16
3577.906 4.9586e-16
3579.441 5.0805e-16
3580.977 5.6148e-16
3582.512 5.3014e-16
3584.048 5.3124e-16
3585.583 5.2586e-16
3587.118 5.7148e-16
3588.654 5.2552e-16
3590.189 5.5924e-16
3591.725 5.6121e-16
3593.260 5.3735e-16
3594.795 5.2673e-16
3596.331 4.8271e-16
3597.866 4.8095e-16
3599.402 4.5687e-16
3600.937 4.8628e-16
3602.472 5.1914e-16
3604.008 4.8346e-16
3605.543 4.9339e-16
3607.079 5.3611e-16
3608.614 5.407e-16
3610.149 5.5129e-16
3611.685 5.0586e-16
3613.220 5.215e-16
3614.756 5.1658e-16
3616.291 5.3713e-16
3617.826 5.6944e-16
3619.362 5.7933e-16
3620.897 5.7796e-16
3622.433 5.5932e-16
3623.968 5.7191e-16
3625.503 5.2579e-16
3627.039 5.2261e-16
3628.574 5.0256e-16
3630.109 5.2413e-16
3631.645 5.5657e-16
3633.180 5.9872e-16
3634.716 5.1514e-16
3636.251 5.4149e-16
3637.786 5.5752e-16
3639.322 4.9954e-16
3640.857 5.2982e-16
3642.393 5.6934e-16
3643.928 5.2584e-16
3645.463 4.8236e-16
3646.999 5.0627e-16
3648.534 4.9166e-16
3650.070 5.2713e-16
3651.605 5.6941e-16
3653.140 5.6619e-16
3654.676 5.5258e-16
3656.211 5.6399e-16
3657.747 5.2396e-16
3659.282 5.3671e-16
3660.817 6.3047e-16
3662.353 5.8444e-16
3663.888 5.4249e-16
3665.424 5.4101e-16
3666.959 5.3834e-16
3668.494 5.5409e-16
3670.030 5.6816e-16
3671.565 5.8631e-16
3673.101 5.5301e-16
3674.636 4.9257e-16
3676.171 5.2778e-16
3677.707 5.4166e-16
3679.242 5.7493e-16
3680.777 5.6882e-16
3682.313 5.5907e-16
3683.848 5.889e-16
3685.384 5.296e-16
3686.919 5.5403e-16
3688.454 5.9451e-16
3689.990 5.5686e-16
3691.525 5.9447e-16
3693.061 6.215e-16
3694.596 5.5955e-16
3696.131 5.3785e-16
3697.667 5.9352e-16
3699.202 5.1705e-16
3700.738 4.9536e-16
3702.273 5.4216e-16
3703.808 5.672e-16
3705.344 5.5914e-16
3706.879 5.4054e-16
3708.415 5.6403e-16
3709.950 6.0806e-16
3711.485 6.0105e-16
3713.021 5.6469e-16
3714.556 5.1947e-16
3716.092 5.7211e-16
3717.627 6.0853e-16
3719.162 5.7064e-16
3720.698 5.875e-16
3722.233 6.0115e-16
3723.769 6.0317e-16
3725.304 6.3363e-16
3726.839 6.244e-16
3728.375 5.2685e-16
3729.910 5.4915e-16
3731.445 6.7115e-16
3732.981 6.562e-16
3734.516 5.8847e-16
3736.052 6.1234e-16
3737.587 6.0008e-16
3739.122 5.9687e-16
3740.658 5.965e-16
3742.193 6.2577e-16
3743.729 6.3863e-16
3745.264 5.918e-16
3746.799 5.9289e-16
3748.335 6.2755e-16
3749.870 6.1194e-16
3751.406 6.0707e-16
3752.941 5.9036e-16
3754.476 5.8933e-16
3756.012 6.1734e-16
3757.547 5.7698e-16
3759.083 5.6655e-16
3760.618 6.2955e-16
3762.153 5.9102e-16
3763.689 5.7015e-16
3765.224 5.9943e-16
3766.760 5.7423e-16
3768.295 5.7467e-16
3769.830 6.0677e-16
3771.366 6.1436e-16
3772.901 5.681e-16
3774.437 6.2584e-16
3775.972 6.1916e-16
3777.507 5.5357e-16
3779.042 5.8128e-16
3780.578 5.9374e-16
3782.113 5.6076e-16
3783.649 5.4801e-16
3785.184 6.1939e-16
3786.719 6.2863e-16
3788.255 6.2844e-16
3789.790 6.3319e-16
3791.326 6.5833e-16
3792.861 6.6801e-16
3794.396 6.3872e-16
3795.932 5.9449e-16
3797.467 6.0197e-16
3799.003 6.0087e-16
3800.538 5.9454e-16
3802.073 6.0438e-16
3803.609 6.5634e-16
3805.144 6.5095e-16
3806.680 6.3585e-16
3808.215 6.2917e-16
3809.750 6.1556e-16
3811.286 5.8742e-16
3812.821 6.5649e-16
3814.357 6.2795e-16
3815.892 5.8249e-16
3817.427 6.8277e-16
3818.963 8.6118e-16
3820.498 9.2946e-16
3822.034 1.0078e-15
3823.569 9.5447e-16
3825.104 7.4579e-16
3826.640 6.4753e-16
3828.175 5.8712e-16
3829.710 5.6322e-16
3831.246 5.8304e-16
3832.781 5.6255e-16
3834.317 6.052e-16
3835.852 6.7473e-16
3837.387 6.8587e-16
3838.923 6.1831e-16
3840.458 5.9149e-16
3841.994 6.5623e-16
3843.529 6.4496e-16
3845.064 6.7403e-16
3846.600 6.49e-16
3848.135 6.1368e-16
3849.671 6.2235e-16
3851.206 6.4919e-16
3852.741 6.6986e-16
3854.277 6.9565e-16
3855.812 6.9545e-16
3857.348 6.8566e-16
3858.883 6.4741e-16
3860.418 6.5167e-16
3861.954 6.3418e-16
3863.489 6.4011e-16
3865.025 6.2524e-16
3866.560 6.2238e-16
3868.095 5.7383e-16
3869.631 5.885e-16
3871.166 5.6309e-16
3872.702 6.2245e-16
3874.237 6.3202e-16
3875.772 6.4402e-16
3877.308 6.3522e-16
3878.843 6.5921e-16
3880.378 6.5081e-16
3881.914 6.1332e-16
3883.449 6.6086e-16
3884.985 6.6824e-16
3886.520 6.3841e-16
3888.055 6.4213e-16
3889.591 6.689e-16
3891.126 6.7858e-16
3892.662 6.4839e-16
3894.197 6.3741e-16
3895.732 6.1821e-16
3897.268 6.3588e-16
3898.803 6.3136e-16
3900.339 6.0505e-16
3901.874 6.4871e-16
3903.409 6.5999e-16
3904.945 6.8933e-16
3906.480 6.6026e-16
3908.016 6.6127e-16
3909.551 6.6031e-16
3911.086 6.2841e-16
3912.622 6.7081e-16
3914.157 6.8555e-16
3915.693 6.5161e-16
3917.228 6.3225e-16
3918.763 6.3795e-16
3920.299 6.4567e-16
3921.834 6.6031e-16
3923.370 6.5114e-16
3924.905 6.4968e-16
3926.440 5.8533e-16
3927.976 6.1116e-16
3929.511 6.4392e-16
3931.046 6.3793e-16
3932.582 6.3189e-16
3934.117 6.0249e-16
3935.653 6.0755e-16
3937.188 6.2204e-16
3938.723 6.3007e-16
3940.259 6.1785e-16
3941.794 6.5769e-16
3943.330 6.5231e-16
3944.865 6.5398e-16
3946.400 6.8303e-16
3947.936 6.5087e-16
3949.471 6.842e-16
3951.007 6.6005e-16
3952.542 6.531e-16
3954.077 6.5541e-16
3955.613 6.4835e-16
3957.148 6.6316e-16
3958.684 6.4069e-16
3960.219 6.5948e-16
3961.754 6.1929e-16
3963.290 6.57e-16
3964.825 7.2481e-16
3966.361 7.0699e-16
3967.896 6.89e-16
3969.431 6.7899e-16
3970.967 6.359e-16
3972.502 7.0059e-16
3974.038 6.8503e-16
3975.573 6.9327e-16
3977.108 6.5419e-16
3978.644 6.3304e-16
3980.179 6.7845e-16
3981.714 6.5517e-16
3983.250 6.1135e-16
3984.785 6.3735e-16
3986.321 7.2077e-16
3987.856 7.2081e-16
3989.391 6.7549e-16
3990.927 6.7175e-16
3992.462 6.4746e-16
3993.998 6.6579e-16
3995.533 6.9158e-16
3997.068 6.5847e-16
3998.604 6.6422e-16
4000.139 6.7251e-16
4001.675 6.4519e-16
4003.210 6.2232e-16
4004.745 6.2243e-16
4006.281 6.4936e-16
4007.816 6.4818e-16
4009.352 6.7234e-16
4010.887 6.7567e-16
4012.422 6.7229e-16
4013.958 6.3802e-16
4015.493 6.2245e-16
4017.029 6.3612e-16
4018.564 6.6057e-16
4020.099 6.4987e-16
4021.635 6.1592e-16
4023.170 6.3013e-16
4024.706 6.327e-16
4026.241 6.7015e-16
4027.776 6.622e-16
4029.312 6.3681e-16
4030.847 6.106e-16
4032.382 5.8106e-16
4033.918 5.8476e-16
4035.453 6.8589e-16
4036.989 6.7147e-16
4038.524 6.9243e-16
4040.059 6.4008e-16
4041.595 6.5104e-16
4043.130 6.6876e-16
4044.666 6.5054e-16
4046.201 7.2323e-16
4047.736 7.0753e-16
4049.272 6.8124e-16
4050.807 6.8366e-16
4052.343 6.6826e-16
4053.878 6.6698e-16
4055.413 6.6131e-16
4056.949 6.5827e-16
4058.484 6.6119e-16
4060.020 6.8289e-16
4061.555 6.5804e-16
4063.090 6.7152e-16
4064.626 6.6759e-16
4066.161 6.7297e-16
4067.697 6.5403e-16
4069.232 6.6569e-16
4070.767 6.8974e-16
4072.303 6.8129e-16
4073.838 6.5019e-16
4075.374 6.505e-16
4076.909 6.8817e-16
4078.444 6.5822e-16
4079.980 6.9717e-16
4081.515 7.2344e-16
4083.050 6.9348e-16
4084.586 6.3651e-16
4086.121 6.5687e-16
4087.656 6.7219e-16
4089.192 6.6575e-16
4090.727 6.6956e-16
4092.263 6.5754e-16
4093.798 6.3824e-16
4095.333 6.6652e-16
4096.869 6.3899e-16
4098.404 6.556e-16
4099.940 6.6591e-16
4101.475 6.2738e-16
4103.011 6.5212e-16
4104.546 6.4298e-16
4106.081 6.4508e-16
4107.617 6.823e-16
4109.152 6.6456e-16
4110.688 6.7115e-16
4112.223 6.986e-16
4113.758 6.9698e-16
4115.293 6.573e-16
4116.829 6.681e-16
4118.364 6.7364e-16
4119.900 6.7533e-16
4121.435 7.3068e-16
4122.971 7.1506e-16
4124.506 6.7055e-16
4126.042 6.5695e-16
4127.577 7.1879e-16
4129.112 6.9459e-16
4130.647 6.7945e-16
4132.183 6.9297e-16
4133.718 6.819e-16
4135.254 6.9107e-16
4136.789 6.9648e-16
4138.325 6.7e-16
4139.860 6.7897e-16
4141.396 6.676e-16
4142.931 6.7656e-16
4144.466 6.9666e-16
4146.001 7.0432e-16
4147.537 6.7761e-16
4149.072 6.7341e-16
4150.608 6.7186e-16
4152.143 6.7377e-16
4153.679 6.7642e-16
4155.214 6.6953e-16
4156.749 6.6302e-16
4158.285 6.9653e-16
4159.820 7.2027e-16
4161.355 7.0753e-16
4162.891 6.8796e-16
4164.426 6.8333e-16
4165.961 6.6873e-16
4167.497 6.583e-16
4169.032 6.483e-16
4170.568 7.0062e-16
4172.103 7.0535e-16
4173.639 6.7039e-16
4175.174 7.1029e-16
4176.709 6.8809e-16
4178.245 6.7463e-16
4179.780 7.0177e-16
4181.315 6.874e-16
4182.851 6.8127e-16
4184.386 6.9801e-16
4185.922 6.6576e-16
4187.457 6.5975e-16
4188.993 6.837e-16
4190.528 6.6691e-16
4192.063 6.8374e-16
4193.599 6.7585e-16
4195.134 6.7399e-16
4196.669 6.7107e-16
4198.205 6.3291e-16
4199.740 6.6478e-16
4201.276 6.7634e-16
4202.811 6.9069e-16
4204.347 7.4088e-16
4205.882 6.8814e-16
4207.417 6.6488e-16
4208.953 6.8931e-16
4210.488 7.1457e-16
4212.023 7.0308e-16
4213.559 6.7854e-16
4215.094 7.0139e-16
4216.629 7.17e-16
4218.165 6.4141e-16
4219.700 6.1657e-16
4221.236 6.5956e-16
4222.771 7.0701e-16
4224.307 6.9754e-16
4225.842 6.599e-16
4227.377 6.7249e-16
4228.913 7.0199e-16
4230.448 6.8856e-16
4231.983 7.089e-16
4233.519 6.9414e-16
4235.054 7.0841e-16
4236.590 6.8776e-16
4238.125 6.7275e-16
4239.661 6.7827e-16
4241.196 6.9457e-16
4242.731 6.822e-16
4244.267 6.9595e-16
4245.802 6.9612e-16
4247.337 6.8391e-16
4248.873 6.812e-16
4250.408 7.1281e-16
4251.944 6.9718e-16
4253.479 6.9479e-16
4255.015 7.2126e-16
4256.550 7.3889e-16
4258.085 7.2092e-16
4259.621 6.9329e-16
4261.156 7.1671e-16
4262.691 7.3843e-16
4264.227 6.8581e-16
4265.762 7.0506e-16
4267.297 7.1836e-16
4268.833 7.414e-16
4270.368 7.0033e-16
4271.904 7.0976e-16
4273.439 7.011e-16
4274.975 6.7767e-16
4276.510 7.4745e-16
4278.045 7.6398e-16
4279.581 7.1306e-16
4281.116 7.2901e-16
4282.651 7.1283e-16
4284.187 7.2793e-16
4285.722 7.2902e-16
4287.258 7.082e-16
4288.793 7.3414e-16
4290.329 7.0965e-16
4291.864 7.2245e-16
4293.399 7.689e-16
4294.935 7.4879e-16
4296.470 7.1545e-16
4298.005 7.12e-16
4299.541 7.4022e-16
4301.076 7.4987e-16
4302.612 7.5036e-16
4304.147 7.4765e-16
4305.683 7.5397e-16
4307.218 7.1693e-16
4308.753 7.0442e-16
4310.289 7.6016e-16
4311.824 7.6154e-16
4313.359 7.6e-16
4314.895 7.8689e-16
4316.430 7.6077e-16
4317.965 7.4877e-16
4319.501 7.1901e-16
4321.036 7.242e-16
4322.572 7.2627e-16
4324.107 7.2151e-16
4325.643 7.2735e-16
4327.178 7.1738e-16
4328.713 7.3256e-16
4330.249 7.3339e-16
4331.784 7.5532e-16
4333.319 7.153e-16
4334.855 7.305e-16
4336.390 7.3848e-16
4337.926 7.0619e-16
4339.461 7.1231e-16
4340.997 7.2713e-16
4342.532 7.3973e-16
4344.067 7.3823e-16
4345.603 7.1923e-16
4347.138 7.3036e-16
4348.673 7.0166e-16
4350.209 7.3635e-16
4351.744 7.5499e-16
4353.280 7.5669e-16
4354.815 7.6167e-16
4356.351 7.6447e-16
4357.886 7.9415e-16
4359.421 7.5046e-16
4360.957 7.7236e-16
4362.492 8.0007e-16
4364.027 7.6635e-16
4365.562 7.883e-16
4367.098 7.8293e-16
4368.633 7.8501e-16
4370.169 8.1534e-16
4371.704 7.7828e-16
4373.240 7.364e-16
4374.775 7.9005e-16
4376.311 7.6402e-16
4377.846 7.694e-16
4379.381 7.8452e-16
4380.917 7.7843e-16
4382.452 7.5994e-16
4383.987 7.6482e-16
4385.523 7.7033e-16
4387.058 7.7558e-16
4388.594 8.1184e-16
4390.129 8.1095e-16
4391.665 7.6909e-16
4393.200 7.9226e-16
4394.735 7.7386e-16
4396.271 7.6521e-16
4397.806 7.7727e-16
4399.341 8.1559e-16
4400.877 7.893e-16
4402.412 7.8379e-16
4403.948 7.4856e-16
4405.483 7.6064e-16
4407.019 7.8862e-16
4408.554 8.1069e-16
4410.089 7.8411e-16
4411.625 7.967e-16
4413.160 7.8418e-16
4414.695 8.0326e-16
4416.230 8.2897e-16
4417.766 8.1732e-16
4419.301 8.308e-16
4420.837 7.8776e-16
4422.372 8.066e-16
4423.908 7.9269e-16
4425.443 7.8257e-16
4426.979 7.8788e-16
4428.514 7.9147e-16
4430.049 7.9984e-16
4431.584 7.6698e-16
4433.120 7.8759e-16
4434.655 7.6972e-16
4436.191 7.8271e-16
4437.726 7.934e-16
4439.262 7.8239e-16
4440.797 7.5728e-16
4442.333 7.4549e-16
4443.868 7.9633e-16
4445.403 8.4392e-16
4446.938 8.2416e-16
4448.474 8.9073e-16
4450.009 9.6235e-16
4451.545 8.9428e-16
4453.080 8.0494e-16
4454.616 7.7211e-16
4456.151 7.7643e-16
4457.686 7.9179e-16
4459.222 7.9178e-16
4460.757 7.7888e-16
4462.292 7.8765e-16
4463.828 7.8987e-16
4465.363 7.8495e-16
4466.898 8.1397e-16
4468.434 8.2397e-16
4469.969 8.1878e-16
4471.505 8.1817e-16
4473.040 7.9377e-16
4474.576 7.8831e-16
4476.111 7.8776e-16
4477.646 7.9769e-16
4479.182 8.1317e-16
4480.717 8.3709e-16
4482.252 8.1035e-16
4483.788 8.0984e-16
4485.323 8.3144e-16
4486.859 8.1796e-16
4488.394 8.2441e-16
4489.930 8.0309e-16
4491.465 8.0959e-16
4493.000 8.2649e-16
4494.536 8.4616e-16
4496.071 8.1209e-16
4497.606 8.3038e-16
4499.142 8.2764e-16
4500.677 7.9854e-16
4502.213 7.9156e-16
4503.748 8.0131e-16
4505.284 8.1616e-16
4506.819 7.9235e-16
4508.354 7.6688e-16
4509.890 7.5519e-16
4511.425 7.7524e-16
4512.960 8.0565e-16
4514.496 7.7788e-16
4516.031 8.1591e-16
4517.566 7.7886e-16
4519.102 7.791e-16
4520.637 7.8674e-16
4522.173 8.0536e-16
4523.708 7.9525e-16
4525.244 7.7947e-16
4526.779 7.9259e-16
4528.314 8.1512e-16
4529.850 7.6963e-16
4531.385 8.2838e-16
4532.920 8.4947e-16
4534.456 8.3359e-16
4535.991 7.8557e-16
4537.527 8.0751e-16
4539.062 8.1779e-16
4540.598 8.1556e-16
4542.133 8.0312e-16
4543.668 8.2023e-16
4545.204 7.9982e-16
4546.739 7.7991e-16
4548.274 7.9213e-16
4549.810 7.6628e-16
4551.345 7.6289e-16
4552.881 7.5171e-16
4554.416 7.6937e-16
4555.952 7.6991e-16
4557.487 7.457e-16
4559.022 7.4062e-16
4560.558 8.0654e-16
4562.093 7.7728e-16
4563.628 7.5145e-16
4565.164 7.5454e-16
4566.699 7.4528e-16
4568.234 7.777e-16
4569.770 7.9494e-16
4571.305 8.0942e-16
4572.841 7.9135e-16
4574.376 7.8034e-16
4575.912 7.8912e-16
4577.447 7.652e-16
4578.982 7.3319e-16
4580.518 7.7013e-16
4582.053 8.1429e-16
4583.588 8.0463e-16
4585.124 8.0741e-16
4586.659 8.0843e-16
4588.195 8.2474e-16
4589.730 7.8788e-16
4591.266 7.4943e-16
4592.801 7.5278e-16
4594.336 7.9562e-16
4595.872 7.9662e-16
4597.407 7.7002e-16
4598.942 7.8908e-16
4600.478 7.6712e-16
4602.013 7.6894e-16
4603.549 7.8473e-16
4605.084 7.8538e-16
4606.620 7.6583e-16
4608.155 7.529e-16
4609.690 7.5016e-16
4611.226 7.7139e-16
4612.761 7.5888e-16
4614.296 7.6758e-16
4615.832 7.5655e-16
4617.367 7.6362e-16
4618.902 7.5064e-16
4620.438 7.606e-16
4621.973 7.59e-16
4623.509 7.5403e-16
4625.044 7.737e-16
4626.580 7.7883e-16
4628.115 7.7364e-16
4629.650 7.5792e-16
4631.186 7.5175e-16
4632.721 7.7207e-16
4634.256 7.6538e-16
4635.792 7.5382e-16
4637.327 7.8952e-16
4638.863 7.6815e-16
4640.398 7.4481e-16
4641.934 7.3433e-16
4643.469 7.2772e-16
4645.004 7.2804e-16
4646.540 7.7861e-16
4648.075 7.7606e-16
4649.610 7.512e-16
4651.146 7.5507e-16
4652.681 7.632e-16
4654.217 7.234e-16
4655.752 7.2962e-16
4657.288 7.5348e-16
4658.823 7.5349e-16
4660.358 7.6955e-16
4661.894 7.6498e-16
4663.429 7.6958e-16
4664.964 7.5066e-16
4666.500 7.0596e-16
4668.035 7.3021e-16
4669.570 7.2055e-16
4671.106 7.3211e-16
4672.641 7.0452e-16
4674.177 7.3029e-16
4675.712 7.1162e-16
4677.248 7.1474e-16
4678.783 7.1898e-16
4680.318 7.227e-16
4681.854 7.2608e-16
4683.389 7.4813e-16
4684.924 7.1426e-16
4686.460 7.1905e-16
4687.995 7.0244e-16
4689.531 7.237e-16
4691.066 7.421e-16
4692.602 7.2981e-16
4694.137 7.1159e-16
4695.672 7.1021e-16
4697.208 6.9323e-16
4698.743 7.0982e-16
4700.278 6.7202e-16
4701.814 7.0678e-16
4703.349 7.0777e-16
4704.885 6.8619e-16
4706.420 7.0344e-16
4707.956 7.0863e-16
4709.491 6.7757e-16
4711.026 6.9408e-16
4712.562 6.9895e-16
4714.097 7.2465e-16
4715.632 7.0108e-16
4717.167 6.8371e-16
4718.703 6.9862e-16
4720.238 6.7018e-16
4721.774 7.2439e-16
4723.309 7.0049e-16
4724.845 6.6137e-16
4726.380 6.9287e-16
4727.916 6.5955e-16
4729.451 6.8015e-16
4730.986 7.0738e-16
4732.521 6.8044e-16
4734.057 6.9707e-16
4735.592 7.0823e-16
4737.128 7.1094e-16
4738.663 7.0894e-16
4740.199 6.7245e-16
4741.734 6.5779e-16
4743.270 6.9549e-16
4744.805 7.1841e-16
4746.340 6.8821e-16
4747.875 6.9511e-16
4749.411 6.7031e-16
4750.946 7.0452e-16
4752.482 7.0729e-16
4754.017 6.7225e-16
4755.553 7.0752e-16
4757.088 6.8071e-16
4758.624 6.9143e-16
4760.159 6.8747e-16
4761.694 6.7785e-16
4763.229 6.7844e-16
4764.765 6.8149e-16
4766.300 6.8289e-16
4767.835 6.7303e-16
4769.371 6.963e-16
4770.906 6.594e-16
4772.442 6.3888e-16
4773.977 6.7454e-16
4775.513 7.1317e-16
4777.048 6.9466e-16
4778.583 6.7839e-16
4780.119 6.8142e-16
4781.654 6.753e-16
4783.189 6.6364e-16
4784.725 6.42e-16
4786.260 6.6048e-16
4787.796 7.0116e-16
4789.331 6.7115e-16
4790.867 6.5909e-16
4792.402 6.6898e-16
4793.938 6.7725e-16
4795.473 6.7776e-16
4797.008 6.777e-16
4798.543 6.5791e-16
4800.079 6.4603e-16
4801.614 6.4817e-16
4803.150 6.6082e-16
4804.685 6.5608e-16
4806.221 6.2729e-16
4807.756 6.3297e-16
4809.292 6.4245e-16
4810.827 6.6597e-16
4812.362 6.8126e-16
4813.897 6.5463e-16
4815.433 6.4741e-16
4816.968 6.3123e-16
4818.503 6.4996e-16
4820.039 6.5318e-16
4821.574 6.6172e-16
4823.110 6.8313e-16
4824.645 6.7181e-16
4826.181 6.7023e-16
4827.716 6.681e-16
4829.251 6.4865e-16
4830.787 6.3951e-16
4832.322 6.4896e-16
4833.857 6.2043e-16
4835.393 6.4832e-16
4836.928 6.366e-16
4838.464 6.2899e-16
4839.999 6.4218e-16
4841.535 6.1887e-16
4843.070 6.3777e-16
4844.605 6.2415e-16
4846.141 6.3915e-16
4847.676 6.1972e-16
4849.211 6.4135e-16
4850.747 6.751e-16
4852.282 6.7304e-16
4853.818 6.4533e-16
4855.353 6.0425e-16
4856.889 6.4792e-16
4858.424 6.5293e-16
4859.959 6.1557e-16
4861.495 6.1681e-16
4863.030 6.1087e-16
4864.565 6.0367e-16
4866.101 6.292e-16
4867.636 6.2296e-16
4869.171 6.2493e-16
4870.707 6.0913e-16
4872.242 6.1405e-16
4873.778 6.1543e-16
4875.313 5.9182e-16
4876.849 6.0966e-16
4878.384 6.4118e-16
4879.919 6.3605e-16
4881.455 6.3402e-16
4882.990 6.4409e-16
4884.525 6.5127e-16
4886.061 6.6326e-16
4887.596 6.7143e-16
4889.132 6.6672e-16
4890.667 6.6323e-16
4892.203 6.7667e-16
4893.738 6.8298e-16
4895.273 6.774e-16
4896.809 6.6484e-16
4898.344 6.6907e-16
4899.879 6.7859e-16
4901.415 6.9673e-16
4902.950 6.6915e-16
4904.486 6.5881e-16
4906.021 6.4999e-16
4907.557 6.896e-16
4909.092 6.9398e-16
4910.627 6.7394e-16
4912.163 6.4146e-16
4913.698 6.7078e-16
4915.233 6.723e-16
4916.769 6.7099e-16
4918.304 6.8343e-16
4919.839 6.9119e-16
4921.375 6.7416e-16
4922.910 6.8397e-16
4924.446 6.7574e-16
4925.981 6.763e-16
4927.517 6.9269e-16
4929.052 6.8635e-16
4930.587 6.7982e-16
4932.123 6.7571e-16
4933.658 6.7099e-16
4935.193 6.7565e-16
4936.729 6.6273e-16
4938.264 6.7669e-16
4939.800 6.7764e-16
4941.335 6.607e-16
4942.871 7.0067e-16
4944.406 7.1758e-16
4945.941 6.9433e-16
4947.477 7.2196e-16
4949.012 6.948e-16
4950.547 6.766e-16
4952.083 6.7986e-16
4953.618 6.9405e-16
4955.154 7.0253e-16
4956.689 6.6118e-16
4958.225 6.8544e-16
4959.760 6.9302e-16
4961.295 6.5321e-16
4962.831 7.068e-16
4964.366 7.1414e-16
4965.901 7.0585e-16
4967.437 7.0002e-16
4968.972 6.8596e-16
4970.507 7.0848e-16
4972.043 7.1149e-16
4973.578 6.8652e-16
4975.114 6.8222e-16
4976.649 7.1118e-16
4978.185 7.0048e-16
4979.720 7.0735e-16
4981.255 7.4417e-16
4982.791 8.115e-16
4984.326 9.4831e-16
4985.861 8.7616e-16
4987.397 7.3588e-16
4988.932 7.285e-16
4990.468 7.0796e-16
4992.003 7.1282e-16
4993.539 7.2922e-16
4995.074 7.0502e-16
4996.609 7.0039e-16
4998.145 7.0653e-16
4999.680 7.0112e-16
5001.215 7.498e-16
5002.751 7.4048e-16
5004.286 7.1061e-16
5005.822 7.2032e-16
5007.357 7.3693e-16
5008.893 7.6683e-16
5010.428 7.4642e-16
5011.963 7.5841e-16
5013.499 7.4222e-16
5015.034 7.3438e-16
5016.569 7.4799e-16
5018.104 7.1061e-16
5019.640 7.5857e-16
5021.175 7.6567e-16
5022.711 7.3124e-16
5024.246 7.5546e-16
5025.782 7.5533e-16
5027.317 7.5795e-16
5028.853 7.7825e-16
5030.388 7.8018e-16
5031.923 7.6632e-16
5033.458 7.7772e-16
5034.994 7.4395e-16
5036.529 7.6333e-16
5038.065 7.538e-16
5039.600 7.3654e-16
5041.136 7.7039e-16
5042.671 7.9635e-16
5044.207 7.7378e-16
5045.742 7.7136e-16
5047.277 7.555e-16
5048.812 7.5904e-16
5050.348 7.8812e-16
5051.883 8.1883e-16
5053.419 8.1172e-16
5054.954 7.6616e-16
5056.490 8.0294e-16
5058.025 7.9126e-16
5059.561 7.6641e-16
5061.096 7.5553e-16
5062.631 7.8806e-16
5064.167 8.0394e-16
5065.702 7.9235e-16
5067.237 7.8892e-16
5068.772 8.2791e-16
5070.308 7.832e-16
5071.843 7.6985e-16
5073.379 7.8804e-16
5074.914 8.3312e-16
5076.450 8.2245e-16
5077.985 8.042e-16
5079.521 7.7844e-16
5081.056 8.5456e-16
5082.591 9.4479e-16
5084.126 9.9424e-16
5085.662 9.7738e-16
5087.197 8.6263e-16
5088.733 8.2466e-16
5090.268 8.0001e-16
5091.804 8.0487e-16
5093.339 8.2783e-16
5094.875 7.9836e-16
5096.410 7.9933e-16
5097.945 7.8964e-16
5099.480 7.9085e-16
5101.016 8.3299e-16
5102.551 8.1022e-16
5104.087 8.2867e-16
5105.622 8.5063e-16
5107.158 8.7734e-16
5108.693 8.1459e-16
5110.229 8.0906e-16
5111.764 8.0399e-16
5113.299 8.3362e-16
5114.834 8.2243e-16
5116.370 8.1439e-16
5117.905 8.2988e-16
5119.440 8.1874e-16
5120.976 8.08e-16
5122.511 8.1157e-16
5124.047 7.9435e-16
5125.582 8.0313e-16
5127.118 8.2919e-16
5128.653 8.4811e-16
5130.188 9.1088e-16
5131.724 1.1642e-15
5133.259 1.1988e-15
5134.794 1.0268e-15
5136.330 9.0475e-16
5137.865 8.902e-16
5139.401 8.5552e-16
5140.936 8.3917e-16
5142.472 8.7067e-16
5144.007 8.5198e-16
5145.542 8.2694e-16
5147.078 8.5542e-16
5148.613 8.3292e-16
5150.148 8.129e-16
5151.684 8.5343e-16
5153.219 8.5592e-16
5154.755 8.4247e-16
5156.290 8.4242e-16
5157.826 8.4048e-16
5159.361 8.6538e-16
5160.896 8.8043e-16
5162.432 8.5346e-16
5163.967 8.1228e-16
5165.502 7.9522e-16
5167.038 8.5332e-16
5168.573 8.9639e-16
5170.108 8.6423e-16
5171.644 8.3487e-16
5173.179 8.4049e-16
5174.715 8.7881e-16
5176.250 8.3313e-16
5177.786 8.1277e-16
5179.321 8.4977e-16
5180.856 8.828e-16
5182.392 8.3259e-16
5183.927 8.3107e-16
5185.462 8.5533e-16
5186.998 8.6827e-16
5188.533 8.4856e-16
5190.069 8.5067e-16
5191.604 8.9422e-16
5193.140 8.7056e-16
5194.675 8.327e-16
5196.210 8.4757e-16
5197.746 8.5309e-16
5199.281 8.4329e-16
5200.816 8.6484e-16
5202.352 8.9617e-16
5203.887 8.5598e-16
5205.423 8.4251e-16
5206.958 8.5415e-16
5208.494 8.9697e-16
5210.029 8.8456e-16
5211.564 8.7605e-16
5213.100 8.9644e-16
5214.635 8.9675e-16
5216.170 8.7818e-16
5217.706 8.7757e-16
5219.241 8.6266e-16
5220.776 8.5647e-16
5222.312 8.773e-16
5223.847 8.7727e-16
5225.383 9.1512e-16
5226.918 8.8467e-16
5228.454 8.4378e-16
5229.989 8.578e-16
5231.524 8.5934e-16
5233.060 8.2764e-16
5234.595 8.3663e-16
5236.130 8.5379e-16
5237.666 8.7293e-16
5239.201 8.7304e-16
5240.737 8.6358e-16
5242.272 8.5518e-16
5243.808 8.5332e-16
5245.343 8.5829e-16
5246.878 8.7274e-16
5248.414 8.4532e-16
5249.949 8.535e-16
5251.484 8.965e-16
5253.020 8.9238e-16
5254.555 8.8247e-16
5256.091 8.8087e-16
5257.626 8.9002e-16
5259.162 8.4859e-16
5260.697 8.431e-16
5262.232 8.6906e-16
5263.768 8.7963e-16
5265.303 8.6626e-16
5266.838 8.7999e-16
5268.374 8.9671e-16
5269.909 8.8185e-16
5271.444 8.8921e-16
5272.980 8.5653e-16
5274.515 8.543e-16
5276.051 8.8564e-16
5277.586 9.068e-16
5279.122 8.6958e-16
5280.657 8.7216e-16
5282.192 8.8405e-16
5283.728 8.6693e-16
5285.263 8.476e-16
5286.798 8.9126e-16
5288.334 8.4588e-16
5289.869 8.3544e-16
5291.405 8.6862e-16
5292.940 8.7186e-16
5294.476 8.8064e-16
5296.011 9.0548e-16
5297.546 8.8532e-16
5299.082 8.5026e-16
5300.617 8.5486e-16
5302.152 8.6063e-16
5303.688 8.8172e-16
5305.223 8.6047e-16
5306.759 8.2726e-16
5308.294 8.0399e-16
5309.830 8.5671e-16
5311.365 8.5375e-16
5312.900 8.502e-16
5314.436 8.7648e-16
5315.971 8.776e-16
5317.506 8.4367e-16
5319.042 8.5843e-16
5320.577 8.7664e-16
5322.112 8.4939e-16
5323.648 8.7154e-16
5325.183 8.9426e-16
5326.719 8.6623e-16
5328.254 8.2905e-16
5329.790 8.1911e-16
5331.325 8.4006e-16
5332.860 8.5628e-16
5334.396 8.6557e-16
5335.931 8.6126e-16
5337.466 8.7419e-16
5339.002 8.5375e-16
5340.537 9.0187e-16
5342.073 8.5801e-16
5343.608 8.3395e-16
5345.144 8.2769e-16
5346.679 8.1005e-16
5348.214 8.0141e-16
5349.750 8.0625e-16
5351.285 8.2545e-16
5352.820 8.3291e-16
5354.356 8.3401e-16
5355.891 8.0918e-16
5357.427 7.8812e-16
5358.962 8.2776e-16
5360.498 8.4598e-16
5362.033 8.6314e-16
5363.568 8.607e-16
5365.104 8.3497e-16
5366.639 8.4028e-16
5368.174 8.3436e-16
5369.709 8.4193e-16
5371.245 8.5308e-16
5372.780 8.5003e-16
5374.316 8.4851e-16
5375.851 8.4366e-16
5377.387 8.6317e-16
5378.922 8.6926e-16
5380.458 8.0077e-16
5381.993 8.2875e-16
5383.528 8.1068e-16
5385.063 8.189e-16
5386.599 8.2357e-16
5388.134 8.1258e-16
5389.670 7.4525e-16
5391.205 7.9339e-16
5392.741 7.9665e-16
5394.276 8.3154e-16
5395.812 7.9351e-16
5397.347 7.9126e-16
5398.882 8.4453e-16
5400.417 8.105e-16
5401.953 8.2937e-16
5403.488 8.3932e-16
5405.024 8.222e-16
5406.559 8.2842e-16
5408.095 8.4507e-16
5409.630 8.3569e-16
5411.166 8.2256e-16
5412.701 8.5731e-16
5414.236 8.4478e-16
5415.771 8.2759e-16
5417.307 8.371e-16
5418.842 8.4092e-16
5420.377 8.0875e-16
5421.913 8.1186e-16
5423.448 8.3489e-16
5424.984 8.2039e-16
5426.519 8.1608e-16
5428.055 8.2046e-16
5429.590 8.434e-16
5431.125 8.237e-16
5432.661 7.8277e-16
5434.196 7.9877e-16
5435.731 8.1211e-16
5437.267 8.5518e-16
5438.802 8.2705e-16
5440.338 8.1615e-16
5441.873 8.3619e-16
5443.409 8.4448e-16
5444.944 8.1803e-16
5446.479 8.1386e-16
5448.015 8.1218e-16
5449.550 8.1143e-16
5451.085 7.7195e-16
5452.621 7.6199e-16
5454.156 8.3045e-16
5455.692 7.7044e-16
5457.227 8.1398e-16
5458.763 8.2642e-16
5460.298 8.1952e-16
5461.833 8.0253e-16
5463.369 7.6637e-16
5464.904 7.7493e-16
5466.439 8.0607e-16
5467.975 8.2343e-16
5469.510 7.9795e-16
5471.045 7.7755e-16
5472.581 8.0655e-16
5474.116 7.4727e-16
5475.652 7.478e-16
5477.187 7.9249e-16
5478.723 8.0177e-16
5480.258 7.333e-16
5481.793 7.7447e-16
5483.329 8.0213e-16
5484.864 7.4293e-16
5486.399 7.1963e-16
5487.935 7.8672e-16
5489.470 7.2001e-16
5491.006 7.5768e-16
5492.541 7.2093e-16
5494.077 7.5897e-16
5495.612 7.6214e-16
5497.147 7.5252e-16
5498.683 8.6057e-16
5500.218 8.7129e-16
5501.753 8.8475e-16
5503.289 8.6884e-16
5504.824 8.4555e-16
5506.360 8.6463e-16
5507.895 8.4518e-16
5509.431 8.5154e-16
5510.966 8.5022e-16
5512.501 8.4555e-16
5514.037 8.5004e-16
5515.572 8.2661e-16
5517.107 8.436e-16
5518.643 8.5951e-16
5520.178 8.5673e-16
5521.713 8.1055e-16
5523.249 7.8395e-16
5524.784 8.1194e-16
5526.320 8.1958e-16
5527.855 7.8343e-16
5529.391 7.6732e-16
5530.926 7.8043e-16
5532.461 7.9279e-16
5533.997 7.7931e-16
5535.532 7.8283e-16
5537.067 7.5669e-16
5538.603 7.6241e-16
5540.138 7.5126e-16
5541.674 7.432e-16
5543.209 7.5023e-16
5544.745 7.3012e-16
5546.280 7.1587e-16
5547.815 7.5041e-16
5549.351 7.6027e-16
5550.886 7.2939e-16
5552.421 7.2626e-16
5553.957 7.2626e-16
5555.492 7.1982e-16
5557.028 7.3138e-16
5558.563 7.3076e-16
5560.099 6.9937e-16
5561.634 6.9132e-16
5563.169 7.0637e-16
5564.705 7.1718e-16
5566.240 7.2487e-16
5567.775 7.1497e-16
5569.311 7.1747e-16
5570.846 7.2197e-16
5572.381 7.226e-16
5573.917 7.1492e-16
5575.452 7.0872e-16
5576.988 7.0902e-16
5578.523 6.9445e-16
5580.059 6.8561e-16
5581.594 7.0521e-16
5583.129 7.0922e-16
5584.665 6.7142e-16
5586.200 6.4759e-16
5587.735 6.5798e-16
5589.271 6.7887e-16
5590.806 6.858e-16
5592.342 6.8451e-16
5593.877 6.8155e-16
5595.413 6.7807e-16
5596.948 6.8609e-16
5598.483 6.7518e-16
5600.019 6.5506e-16
5601.554 6.5984e-16
5603.089 6.6982e-16
5604.625 6.7645e-16
5606.160 6.8141e-16
5607.696 6.8341e-16
5609.231 6.8001e-16
5610.767 6.6682e-16
5612.302 6.6891e-16
5613.837 6.7164e-16
5615.373 6.5994e-16
5616.908 6.598e-16
5618.443 6.5631e-16
5619.979 6.4718e-16
5621.514 6.3928e-16
5623.049 6.3709e-16
5624.585 6.2578e-16
5626.120 6.3468e-16
5627.656 6.3027e-16
5629.191 6.4026e-16
5630.727 6.5313e-16
5632.262 6.1792e-16
5633.797 6.0896e-16
5635.333 6.1875e-16
5636.868 6.2174e-16
5638.403 6.2336e-16
5639.939 6.2331e-16
5641.474 6.4018e-16
5643.010 6.3431e-16
5644.545 6.3119e-16
5646.081 6.0901e-16
5647.616 6.2142e-16
5649.151 6.2753e-16
5650.687 6.2017e-16
5652.222 6.174e-16
5653.757 6.0747e-16
5655.293 6.1628e-16
5656.828 6.2724e-16
5658.364 6.0712e-16
5659.899 5.8855e-16
5661.435 5.978e-16
5662.970 5.9755e-16
5664.505 6.0006e-16
5666.041 6.0142e-16
5667.576 5.9087e-16
5669.111 5.8366e-16
5670.646 5.9437e-16
5672.182 6.0734e-16
5673.717 5.9679e-16
5675.253 5.9229e-16
5676.788 5.996e-16
5678.324 5.8459e-16
5679.859 5.8265e-16
5681.395 5.8162e-16
5682.930 5.915e-16
5684.465 5.9426e-16
5686.000 5.8399e-16
5687.536 5.7852e-16
5689.071 5.8818e-16
5690.607 5.883e-16
5692.142 5.7536e-16
5693.678 5.7059e-16
5695.213 5.7557e-16
5696.749 5.8539e-16
5698.284 5.852e-16
5699.819 5.8119e-16
5701.354 5.6406e-16
5702.890 5.7151e-16
5704.425 5.716e-16
5705.961 5.6288e-16
5707.496 5.6223e-16
5709.032 5.7361e-16
5710.567 5.8418e-16
5712.103 5.6659e-16
5713.638 5.6321e-16
5715.173 5.8607e-16
5716.708 5.7616e-16
5718.244 5.835e-16
5719.779 5.9045e-16
5721.314 5.7785e-16
5722.850 5.5722e-16
5724.385 5.661e-16
5725.921 5.8904e-16
5727.456 5.7666e-16
5728.992 5.682e-16
5730.527 5.7311e-16
5732.062 5.777e-16
5733.598 5.7945e-16
5735.133 5.5936e-16
5736.668 5.5582e-16
5738.204 5.6558e-16
5739.739 5.6248e-16
5741.275 5.6952e-16
5742.810 5.6578e-16
5744.346 5.5658e-16
5745.881 5.5646e-16
5747.417 5.531e-16
5748.952 5.6406e-16
5750.487 5.7545e-16
5752.022 5.5549e-16
5753.558 5.537e-16
5755.093 5.5635e-16
5756.629 5.5452e-16
5758.164 5.4764e-16
5759.700 5.4737e-16
5761.235 5.5097e-16
5762.771 5.5139e-16
5764.306 5.4964e-16
5765.841 5.4229e-16
5767.376 5.468e-16
5768.912 5.5638e-16
5770.447 5.5546e-16
5771.982 5.4343e-16
5773.518 5.2643e-16
5775.053 5.4053e-16
5776.589 5.4835e-16
5778.124 5.5219e-16
5779.660 5.4596e-16
5781.195 5.3653e-16
5782.730 5.3156e-16
5784.266 5.305e-16
5785.801 5.3658e-16
5787.336 5.36e-16
5788.872 5.3537e-16
5790.407 5.3197e-16
5791.943 5.1538e-16
5793.478 5.2553e-16
5795.014 5.3402e-16
5796.549 5.226e-16
5798.084 5.1583e-16
5799.620 5.2395e-16
5801.155 5.2268e-16
5802.690 5.1579e-16
5804.226 5.087e-16
5805.761 5.2182e-16
5807.297 5.3186e-16
5808.832 5.2955e-16
5810.368 5.1868e-16
5811.903 5.209e-16
5813.438 5.244e-16
5814.974 5.0834e-16
5816.509 5.0701e-16
5818.044 5.0565e-16
5819.580 5.1999e-16
5821.115 5.2554e-16
5822.650 5.1414e-16
5824.186 5.1227e-16
5825.721 5.1302e-16
5827.257 5.1689e-16
5828.792 5.1234e-16
5830.328 4.9599e-16
5831.863 4.9485e-16
5833.398 5.0048e-16
5834.934 4.9705e-16
5836.469 4.9707e-16
5838.004 5.0455e-16
5839.540 5.1376e-16
5841.075 5.1438e-16
5842.611 5.0648e-16
5844.146 4.9792e-16
5845.682 5.0171e-16
5847.217 5.022e-16
5848.752 4.9694e-16
5850.288 5.0215e-16
5851.823 5.0124e-16
5853.358 5.042e-16
5854.894 4.9445e-16
5856.429 4.819e-16
5857.965 5.012e-16
5859.500 4.9996e-16
5861.036 4.8913e-16
5862.571 4.826e-16
5864.106 4.9005e-16
5865.642 4.8605e-16
5867.177 4.8401e-16
5868.712 4.9474e-16
5870.248 4.8909e-16
5871.783 4.9024e-16
5873.318 5.0602e-16
5874.854 5.0432e-16
5876.389 4.8304e-16
5877.925 4.8335e-16
5879.460 4.9868e-16
5880.996 4.9352e-16
5882.531 4.7502e-16
5884.066 4.8039e-16
5885.602 4.7851e-16
5887.137 4.6895e-16
5888.672 4.6337e-16
5890.208 4.6195e-16
5891.743 4.5708e-16
5893.279 4.4682e-16
5894.814 4.4661e-16
5896.350 4.5899e-16
5897.885 4.6815e-16
5899.420 4.6947e-16
5900.956 4.8564e-16
5902.491 4.8149e-16
5904.026 4.7347e-16
5905.562 4.7351e-16
5907.097 4.7504e-16
5908.633 4.7446e-16
5910.168 4.7702e-16
5911.704 4.6907e-16
5913.239 4.8599e-16
5914.774 5.0235e-16
5916.310 4.9724e-16
5917.845 4.7595e-16
5919.380 4.7824e-16
5920.916 5.0006e-16
5922.451 4.8458e-16
5923.986 4.7894e-16
5925.522 4.9712e-16
5927.057 4.8678e-16
5928.593 4.6252e-16
5930.128 4.801e-16
5931.664 4.8934e-16
5933.199 4.7461e-16
5934.734 4.8059e-16
5936.270 4.9111e-16
5937.805 4.7514e-16
5939.340 4.6572e-16
5940.876 4.7065e-16
5942.411 4.7148e-16
5943.947 4.7698e-16
5945.482 4.7257e-16
5947.018 4.6524e-16
5948.553 4.7362e-16
5950.088 4.8219e-16
5951.624 4.7879e-16
5953.159 4.6203e-16
5954.694 4.6122e-16
5956.230 4.7456e-16
5957.765 4.7648e-16
5959.301 4.678e-16
5960.836 4.7649e-16
5962.372 4.6524e-16
5963.907 4.4929e-16
5965.442 4.6243e-16
5966.978 4.7459e-16
5968.513 4.661e-16
5970.048 4.6679e-16
5971.583 4.5825e-16
5973.119 4.6956e-16
5974.654 4.6079e-16
5976.190 4.3738e-16
5977.725 4.5732e-16
5979.261 4.6941e-16
5980.796 4.6029e-16
5982.332 4.6709e-16
5983.867 4.7669e-16
5985.402 4.7985e-16
5986.938 4.7182e-16
5988.473 4.5642e-16
5990.008 4.6043e-16
5991.544 4.6406e-16
5993.079 4.6077e-16
5994.615 4.4993e-16
5996.150 4.5115e-16
5997.686 4.5956e-16
5999.221 4.7456e-16
6000.756 4.6851e-16
6002.292 4.5601e-16
6003.827 4.6231e-16
6005.362 4.6316e-16
6006.898 4.6759e-16
6008.433 4.6847e-16
6009.969 4.5474e-16
6011.504 4.5584e-16
6013.040 4.5523e-16
6014.575 4.5142e-16
6016.110 4.5303e-16
6017.646 4.4636e-16
6019.181 4.5586e-16
6020.716 4.5485e-16
6022.251 4.473e-16
6023.787 4.5869e-16
6025.322 4.6274e-16
6026.858 4.7506e-16
6028.393 4.6181e-16
6029.929 4.4256e-16
6031.464 4.4908e-16
6033.000 4.5433e-16
6034.535 4.4769e-16
6036.070 4.5818e-16
6037.605 4.5592e-16
6039.141 4.4421e-16
6040.676 4.4374e-16
6042.212 4.3778e-16
6043.747 4.5041e-16
6045.283 4.5613e-16
6046.818 4.5551e-16
6048.354 4.638e-16
6049.889 4.5667e-16
6051.424 4.5075e-16
6052.959 4.4655e-16
6054.495 4.4833e-16
6056.030 4.3955e-16
6057.566 4.4455e-16
6059.101 4.5449e-16
6060.637 4.4494e-16
6062.172 4.4294e-16
6063.708 4.519e-16
6065.243 4.6117e-16
6066.778 4.6343e-16
6068.313 4.6217e-16
6069.849 4.6086e-16
6071.384 4.5155e-16
6072.919 4.4436e-16
6074.455 4.4667e-16
6075.990 4.3704e-16
6077.526 4.4985e-16
6079.061 4.6654e-16
6080.597 4.6383e-16
6082.132 4.4988e-16
6083.667 4.6063e-16
6085.203 4.4961e-16
6086.738 4.4718e-16
6088.273 4.548e-16
6089.809 4.6549e-16
6091.344 4.4603e-16
6092.880 4.3385e-16
6094.415 4.5194e-16
6095.951 4.5195e-16
6097.486 4.5393e-16
6099.021 4.6268e-16
6100.557 4.6053e-16
6102.092 4.5287e-16
6103.627 4.5841e-16
6105.163 4.544e-16
6106.698 4.5683e-16
6108.234 4.6371e-16
6109.769 4.5167e-16
6111.305 4.5366e-16
6112.840 4.552e-16
6114.375 4.5093e-16
6115.911 4.5774e-16
6117.446 4.5884e-16
6118.981 4.4955e-16
6120.517 4.5928e-16
6122.052 4.722e-16
6123.587 4.6969e-16
6125.123 4.6629e-16
6126.658 4.7012e-16
6128.194 4.5875e-16
6129.729 4.5871e-16
6131.265 4.6092e-16
6132.800 4.6462e-16
6134.335 4.624e-16
6135.871 4.6506e-16
6137.406 4.6733e-16
6138.941 4.6322e-16
6140.477 4.6571e-16
6142.012 4.5989e-16
6143.548 4.5896e-16
6145.083 4.5809e-16
6146.619 4.5578e-16
6148.154 4.639e-16
6149.689 4.6656e-16
6151.225 4.6509e-16
6152.760 4.6446e-16
6154.295 4.6702e-16
6155.831 4.7435e-16
6157.366 4.8425e-16
6158.902 4.8134e-16
6160.437 4.6068e-16
6161.973 4.5713e-16
6163.508 4.7217e-16
6165.043 4.6862e-16
6166.579 4.5981e-16
6168.114 4.6486e-16
6169.649 4.6797e-16
6171.185 4.6188e-16
6172.720 4.5793e-16
6174.255 4.5941e-16
6175.791 4.518e-16
6177.326 4.4825e-16
6178.862 4.6064e-16
6180.397 4.6292e-16
6181.933 4.658e-16
6183.468 4.6793e-16
6185.003 4.6144e-16
6186.539 4.6295e-16
6188.074 4.6496e-16
6189.609 4.5507e-16
6191.145 4.6071e-16
6192.680 4.7573e-16
6194.216 4.67e-16
6195.751 4.5854e-16
6197.287 4.611e-16
6198.822 4.5449e-16
6200.357 4.5036e-16
6201.893 4.4589e-16
6203.428 4.4548e-16
6204.963 4.4628e-16
6206.499 4.4957e-16
6208.034 4.5695e-16
6209.570 4.6506e-16
6211.105 4.7036e-16
6212.641 4.5893e-16
6214.176 4.4887e-16
6215.711 4.4654e-16
6217.247 4.4719e-16
6218.782 4.4972e-16
6220.317 4.5571e-16
6221.853 4.4527e-16
6223.388 4.3853e-16
6224.923 4.4718e-16
6226.459 4.5497e-16
6227.994 4.5539e-16
6229.530 4.6113e-16
6231.065 4.5411e-16
6232.601 4.382e-16
6234.136 4.4681e-16
6235.671 4.6527e-16
6237.207 4.6623e-16
6238.742 4.6266e-16
6240.277 4.5336e-16
6241.813 4.484e-16
6243.348 4.4803e-16
6244.884 4.5256e-16
6246.419 4.6082e-16
6247.955 4.5819e-16
6249.490 4.4736e-16
6251.025 4.4751e-16
6252.561 4.4556e-16
6254.096 4.4083e-16
6255.631 4.4933e-16
6257.167 4.565e-16
6258.702 4.4726e-16
6260.238 4.5073e-16
6261.773 4.5065e-16
6263.309 4.4372e-16
6264.844 4.4518e-16
6266.379 4.4368e-16
6267.915 4.4593e-16
6269.450 4.5184e-16
6270.985 4.4198e-16
6272.521 4.4216e-16
6274.056 4.4206e-16
6275.591 4.3686e-16
6277.127 4.4347e-16
6278.662 4.4038e-16
6280.198 4.4503e-16
6281.733 4.5485e-16
6283.269 4.4847e-16
6284.804 4.3404e-16
6286.339 4.3992e-16
6287.875 4.4715e-16
6289.410 4.5126e-16
6290.945 4.5296e-16
6292.481 4.4443e-16
6294.016 4.4185e-16
6295.552 4.3037e-16
6297.087 4.0958e-16
6298.623 4.3738e-16
6300.158 4.5887e-16
6301.693 4.5633e-16
6303.229 4.3852e-16
6304.764 4.2745e-16
6306.299 4.4347e-16
6307.835 4.5465e-16
6309.370 4.5785e-16
6310.906 4.4696e-16
6312.441 4.6468e-16
6313.977 4.6694e-16
6315.512 4.6007e-16
6317.047 4.7047e-16
6318.583 4.5534e-16
6320.118 4.4411e-16
6321.653 4.4067e-16
6323.188 4.4397e-16
6324.724 4.5489e-16
6326.259 4.4226e-16
6327.795 4.496e-16
6329.330 4.5799e-16
6330.866 4.4783e-16
6332.401 4.508e-16
6333.937 4.5032e-16
6335.472 4.4371e-16
6337.007 4.4927e-16
6338.542 4.5878e-16
6340.078 4.6036e-16
6341.613 4.6387e-16
6343.149 4.6383e-16
6344.684 4.6022e-16
6346.220 4.5223e-16
6347.755 4.5477e-16
6349.291 4.6638e-16
6350.826 4.5526e-16
6352.361 4.5376e-16
6353.896 4.558e-16
6355.432 4.5406e-16
6356.967 4.4879e-16
6358.503 4.4964e-16
6360.038 4.5076e-16
6361.574 4.5277e-16
6363.109 4.6806e-16
6364.645 4.7324e-16
6366.180 4.7013e-16
6367.715 4.6039e-16
6369.250 4.543e-16
6370.786 4.4735e-16
6372.321 4.5584e-16
6373.856 4.6775e-16
6375.392 4.5607e-16
6376.927 4.4952e-16
6378.463 4.5184e-16
6379.998 4.6102e-16
6381.534 4.5635e-16
6383.069 4.4614e-16
6384.604 4.5438e-16
6386.140 4.4497e-16
6387.675 4.4665e-16
6389.210 4.4533e-16
6390.746 4.5105e-16
6392.281 4.5312e-16
6393.817 4.6513e-16
6395.352 4.559e-16
6396.888 4.5561e-16
6398.423 4.6822e-16
6399.958 4.6571e-16
6401.494 4.5362e-16
6403.029 4.5071e-16
6404.564 4.5099e-16
6406.100 4.5077e-16
6407.635 4.5699e-16
6409.171 4.5004e-16
6410.706 4.5055e-16
6412.242 4.5845e-16
6413.777 4.6085e-16
6415.312 4.6911e-16
6416.848 4.7781e-16
6418.383 4.6631e-16
6419.918 4.6412e-16
6421.454 4.6332e-16
6422.989 4.7418e-16
6424.524 4.7654e-16
6426.060 4.7146e-16
6427.595 4.5905e-16
6429.131 4.657e-16
6430.666 4.7142e-16
6432.202 4.6639e-16
6433.737 4.5843e-16
6435.272 4.4916e-16
6436.808 4.5537e-16
6438.343 4.6757e-16
6439.878 4.6473e-16
6441.414 4.5289e-16
6442.949 4.5333e-16
6444.485 4.5198e-16
6446.020 4.5194e-16
6447.556 4.6651e-16
6449.091 4.6682e-16
6450.626 4.6567e-16
6452.162 4.6212e-16
6453.697 4.6e-16
6455.232 4.6974e-16
6456.768 4.64e-16
6458.303 4.6227e-16
6459.839 4.6267e-16
6461.374 4.6283e-16
6462.910 4.6488e-16
6464.445 4.6984e-16
6465.980 4.6555e-16
6467.516 4.6508e-16
6469.051 4.7736e-16
6470.586 4.7297e-16
6472.122 4.6512e-16
6473.657 4.4762e-16
6475.192 4.3986e-16
6476.728 4.5485e-16
6478.263 4.6327e-16
6479.799 4.5569e-16
6481.334 4.5405e-16
6482.870 4.4376e-16
6484.405 4.4357e-16
6485.940 4.5315e-16
6487.476 4.5324e-16
6489.011 4.5931e-16
6490.546 4.5624e-16
6492.082 4.5631e-16
6493.617 4.6133e-16
6495.153 4.504e-16
6496.688 4.5318e-16
6498.224 4.5703e-16
6499.759 4.5578e-16
6501.294 4.6079e-16
6502.830 4.599e-16
6504.365 4.5164e-16
6505.900 4.5916e-16
6507.436 4.6775e-16
6508.971 4.7043e-16
6510.507 4.6773e-16
6512.042 4.6451e-16
6513.578 4.5755e-16
6515.113 4.4939e-16
6516.648 4.5237e-16
6518.184 4.5946e-16
6519.719 4.5073e-16
6521.254 4.5513e-16
6522.790 4.5798e-16
6524.325 4.5132e-16
6525.860 4.5775e-16
6527.396 4.6067e-16
6528.931 4.6164e-16
6530.467 4.6081e-16
6532.002 4.5705e-16
6533.538 4.5519e-16
6535.073 4.4857e-16
6536.608 4.5984e-16
6538.144 4.6417e-16
6539.679 4.5657e-16
6541.214 4.5504e-16
6542.750 4.5433e-16
6544.285 4.4781e-16
6545.821 4.5342e-16
6547.356 4.5594e-16
6548.892 4.5613e-16
6550.427 4.6102e-16
6551.962 4.509e-16
6553.498 4.4221e-16
6555.033 4.4614e-16
6556.568 4.4472e-16
6558.104 4.4291e-16
6559.639 4.4022e-16
6561.175 4.4981e-16
6562.710 4.5113e-16
6564.246 4.454e-16
6565.781 4.4737e-16
6567.316 4.4675e-16
6568.852 4.3959e-16
6570.387 4.3605e-16
6571.922 4.3361e-16
6573.458 4.3503e-16
6574.993 4.4191e-16
6576.528 4.5084e-16
6578.064 4.4835e-16
6579.599 4.4049e-16
6581.135 4.3309e-16
6582.670 4.3727e-16
6584.206 4.4692e-16
6585.741 4.3896e-16
6587.276 4.3029e-16
6588.812 4.4887e-16
6590.347 4.4976e-16
6591.882 4.3156e-16
6593.418 4.2925e-16
6594.953 4.3423e-16
6596.489 4.4887e-16
6598.024 4.4246e-16
6599.560 4.2896e-16
6601.095 4.3142e-16
6602.630 4.2141e-16
6604.166 4.2956e-16
6605.701 4.3838e-16
6607.236 4.4526e-16
6608.772 4.4348e-16
6610.307 4.3424e-16
6611.843 4.3351e-16
6613.378 4.3566e-16
6614.914 4.352e-16
6616.449 4.4379e-16
6617.984 4.4515e-16
6619.520 4.3307e-16
6621.055 4.3015e-16
6622.590 4.325e-16
6624.125 4.298e-16
6625.661 4.3815e-16
6627.196 4.3058e-16
6628.732 4.2252e-16
6630.267 4.2403e-16
6631.803 4.2812e-16
6633.338 4.3894e-16
6634.874 4.3824e-16
6636.409 4.2873e-16
6637.944 4.3548e-16
6639.479 4.446e-16
6641.015 4.451e-16
6642.550 4.1757e-16
6644.086 3.0932e-16
6645.621 2.3318e-16
6647.157 2.4854e-16
6648.692 3.4784e-16
6650.228 4.3427e-16
6651.763 4.253e-16
6653.298 4.2035e-16
6654.833 4.1932e-16
6656.369 4.226e-16
6657.904 4.1675e-16
6659.440 4.2572e-16
6660.975 4.299e-16
6662.511 4.1102e-16
6664.046 4.1822e-16
6665.582 4.316e-16
6667.117 4.2398e-16
6668.652 4.1996e-16
6670.188 4.2782e-16
6671.723 4.3135e-16
6673.258 4.2193e-16
6674.793 4.179e-16
6676.329 4.1726e-16
6677.864 4.1875e-16
6679.400 4.1898e-16
6680.935 4.1585e-16
6682.471 4.2249e-16
6684.006 4.214e-16
6685.542 4.1482e-16
6687.077 4.1715e-16
6688.612 4.2322e-16
6690.147 4.1993e-16
6691.683 4.1117e-16
6693.218 4.1492e-16
6694.754 4.0908e-16
6696.289 4.0597e-16
6697.825 4.1728e-16
6699.360 4.1729e-16
6700.896 4.0803e-16
6702.431 4.017e-16
6703.966 4.0707e-16
6705.501 4.1133e-16
6707.037 4.1206e-16
6708.572 4.1415e-16
6710.108 4.2714e-16
6711.643 4.4638e-16
6713.179 4.212e-16
6714.714 4.0337e-16
6716.250 4.1501e-16
6717.785 4.1998e-16
6719.320 4.203e-16
6720.855 4.2536e-16
6722.391 4.5963e-16
6723.926 5.1407e-16
6725.461 5.9198e-16
6726.997 5.9975e-16
6728.532 5.2216e-16
6730.068 4.6701e-16
6731.603 4.3174e-16
6733.139 4.1528e-16
6734.674 4.0537e-16
6736.209 4.1339e-16
6737.745 4.1562e-16
6739.280 4.1137e-16
6740.815 4.1727e-16
6742.351 4.1026e-16
6743.886 4.0894e-16
6745.422 4.113e-16
6746.957 4.1855e-16
6748.493 4.2185e-16
6750.028 4.0635e-16
6751.563 3.9995e-16
6753.099 4.0487e-16
6754.634 4.0135e-16
6756.169 3.9858e-16
6757.705 3.9984e-16
6759.240 4.0213e-16
6760.776 4.0023e-16
6762.311 3.95e-16
6763.847 4.0093e-16
6765.382 4.0487e-16
6766.917 3.9957e-16
6768.453 3.8976e-16
6769.988 3.8545e-16
6771.523 3.9471e-16
6773.059 3.9592e-16
6774.594 3.9473e-16
6776.129 3.9988e-16
6777.665 3.9671e-16
6779.200 3.9671e-16
6780.736 3.9964e-16
6782.271 3.9086e-16
6783.807 3.812e-16
6785.342 3.8725e-16
6786.877 3.9398e-16
6788.413 3.9353e-16
6789.948 3.9367e-16
6791.483 3.9165e-16
6793.019 3.8787e-16
6794.554 3.8619e-16
6796.090 3.8507e-16
6797.625 3.7788e-16
6799.161 3.6893e-16
6800.696 3.7198e-16
6802.231 3.7631e-16
6803.767 3.8081e-16
6805.302 3.7974e-16
6806.837 3.7063e-16
6808.373 3.77e-16
6809.908 3.8042e-16
6811.444 3.709e-16
6812.979 3.6709e-16
6814.515 3.706e-16
6816.050 3.6804e-16
6817.585 3.6709e-16
6819.121 3.6693e-16
6820.656 3.6592e-16
6822.191 3.715e-16
6823.727 3.7386e-16
6825.262 3.6907e-16
6826.797 3.6372e-16
6828.333 3.627e-16
6829.868 3.7186e-16
6831.404 3.6835e-16
6832.939 3.5468e-16
6834.475 3.5768e-16
6836.010 3.6433e-16
6837.545 3.6304e-16
6839.081 3.6002e-16
6840.616 3.6213e-16
6842.151 3.6418e-16
6843.687 3.6943e-16
6845.222 3.7088e-16
6846.758 3.6693e-16
6848.293 3.6416e-16
6849.829 3.5196e-16
6851.364 3.4878e-16
6852.899 3.5933e-16
6854.435 3.6021e-16
6855.970 3.6181e-16
6857.505 3.636e-16
6859.041 3.4959e-16
6860.576 3.4713e-16
6862.112 3.6224e-16
6863.647 3.6453e-16
6865.183 3.4927e-16
6866.718 3.3416e-16
6868.253 3.3311e-16
6869.789 3.4819e-16
6871.324 3.51e-16
6872.859 3.3441e-16
6874.395 3.2997e-16
6875.930 3.3857e-16
6877.465 3.4771e-16
6879.001 3.4887e-16
6880.536 3.5005e-16
6882.072 3.5449e-16
6883.607 3.583e-16
6885.143 3.5364e-16
6886.678 3.3504e-16
6888.213 3.263e-16
6889.749 3.3638e-16
6891.284 3.4742e-16
6892.819 3.4101e-16
6894.355 3.4279e-16
6895.890 3.5937e-16
6897.426 3.6476e-16
6898.961 3.5653e-16
6900.497 3.4129e-16
6902.032 3.3093e-16
6903.567 3.271e-16
6905.103 3.2794e-16
6906.638 3.2509e-16
6908.173 3.21e-16
6909.709 3.2921e-16
6911.244 3.3194e-16
6912.780 3.3099e-16
6914.315 3.2916e-16
6915.851 3.2496e-16
6917.386 3.2513e-16
6918.921 3.2962e-16
6920.457 3.3261e-16
6921.992 3.3013e-16
6923.527 3.2465e-16
6925.062 3.2196e-16
6926.598 3.2644e-16
6928.133 3.2748e-16
6929.669 3.2117e-16
6931.204 3.1935e-16
6932.740 3.2183e-16
6934.275 3.1956e-16
6935.811 3.1872e-16
6937.346 3.1569e-16
6938.881 3.09e-16
6940.417 3.1288e-16
6941.952 3.159e-16
6943.487 3.1533e-16
6945.023 3.1177e-16
6946.558 3.1282e-16
6948.094 3.1082e-16
6949.629 3.1451e-16
6951.165 3.1998e-16
6952.700 3.1309e-16
6954.235 3.0815e-16
6955.771 3.1563e-16
6957.306 3.118e-16
6958.841 3.0257e-16
6960.377 3.041e-16
6961.912 2.9897e-16
6963.448 2.9276e-16
6964.983 2.9506e-16
6966.519 3.0977e-16
6968.054 3.1605e-16
6969.589 3.0788e-16
6971.125 3.0484e-16
6972.660 3.0118e-16
6974.195 3.0064e-16
6975.730 3.0809e-16
6977.266 3.0815e-16
6978.801 3.0713e-16
6980.337 2.999e-16
6981.872 2.9361e-16
6983.408 2.9483e-16
6984.943 2.998e-16
6986.479 3.019e-16
6988.014 2.9914e-16
6989.549 2.9599e-16
6991.084 2.9587e-16
6992.620 2.947e-16
6994.155 2.9014e-16
6995.691 2.942e-16
6997.226 2.9526e-16
6998.762 2.9324e-16
7000.297 2.9081e-16
7001.833 2.9679e-16
7003.368 2.9668e-16
7004.903 2.8477e-16
7006.438 2.8211e-16
7007.974 2.8073e-16
7009.509 2.8313e-16
7011.045 2.9044e-16
7012.580 2.9438e-16
7014.116 2.9239e-16
7015.651 2.8447e-16
7017.187 2.8496e-16
7018.722 2.9407e-16
7020.257 2.9561e-16
7021.792 2.8856e-16
7023.328 2.8149e-16
7024.863 2.772e-16
7026.398 2.8269e-16
7027.934 2.8362e-16
7029.469 2.7726e-16
7031.005 2.7655e-16
7032.540 2.7801e-16
7034.076 2.7581e-16
7035.611 2.7188e-16
7037.146 2.7239e-16
7038.682 2.729e-16
7040.217 2.7454e-16
7041.752 2.8115e-16
7043.288 2.7647e-16
7044.823 2.7078e-16
7046.359 2.7164e-16
7047.894 2.6864e-16
7049.430 2.5781e-16
7050.965 2.5752e-16
7052.500 2.6648e-16
7054.036 2.7177e-16
7055.571 2.6058e-16
7057.106 2.581e-16
7058.642 2.6564e-16
7060.177 2.6843e-16
7061.713 2.6035e-16
7063.248 2.5226e-16
7064.784 2.5864e-16
7066.319 2.6882e-16
7067.854 2.6012e-16
7069.390 2.5139e-16
7070.925 2.5775e-16
7072.460 2.5254e-16
7073.996 2.4823e-16
7075.531 2.4801e-16
7077.066 2.5526e-16
7078.602 2.5254e-16
7080.137 2.569e-16
7081.673 2.5943e-16
7083.208 2.5966e-16
7084.744 2.6028e-16
7086.279 2.5735e-16
7087.814 2.5456e-16
7089.350 2.5318e-16
7090.885 2.492e-16
7092.420 2.4897e-16
7093.956 2.4962e-16
7095.491 2.5676e-16
7097.027 2.5898e-16
7098.562 2.5647e-16
7100.098 2.5167e-16
7101.633 2.4813e-16
7103.168 2.5888e-16
7104.704 2.5303e-16
7106.239 2.4742e-16
7107.774 2.5126e-16
7109.310 2.4423e-16
7110.845 2.4418e-16
7112.381 2.4642e-16
7113.916 2.384e-16
7115.452 2.4059e-16
7116.987 2.452e-16
7118.522 2.5268e-16
7120.058 2.5382e-16
7121.593 2.462e-16
7123.128 2.4562e-16
7124.664 2.4938e-16
7126.199 2.4577e-16
7127.734 2.4852e-16
7129.270 2.4838e-16
7130.805 2.4283e-16
7132.341 2.3436e-16
7133.876 2.3865e-16
7135.412 2.4465e-16
7136.947 2.4515e-16
7138.482 2.4809e-16
7140.018 2.5178e-16
7141.553 2.4739e-16
7143.088 2.4784e-16
7144.624 2.4945e-16
7146.159 2.422e-16
7147.695 2.3595e-16
7149.230 2.3457e-16
7150.766 2.4149e-16
7152.301 2.3578e-16
7153.836 2.3691e-16
7155.372 2.3463e-16
7156.907 2.379e-16
7158.442 2.4666e-16
7159.978 2.4239e-16
7161.513 2.4067e-16
7163.049 2.3479e-16
7164.584 2.2581e-16
7166.120 2.3322e-16
7167.655 2.3697e-16
7169.190 2.3852e-16
7170.726 2.358e-16
7172.261 2.4009e-16
7173.796 2.3629e-16
7175.332 2.3362e-16
7176.867 2.4016e-16
7178.402 2.2857e-16
7179.938 2.3127e-16
7181.473 2.3227e-16
7183.009 2.254e-16
7184.544 2.2723e-16
7186.080 2.3084e-16
7187.615 2.3817e-16
7189.150 2.3719e-16
7190.686 2.2626e-16
7192.221 2.2733e-16
7193.756 2.3041e-16
7195.292 2.2816e-16
7196.827 2.2773e-16
7198.363 2.3712e-16
7199.898 2.2889e-16
7201.434 2.2593e-16
7202.969 2.3613e-16
7204.504 2.2898e-16
7206.040 2.286e-16
7207.575 2.3002e-16
7209.110 2.3202e-16
7210.646 2.3344e-16
7212.181 2.2714e-16
7213.717 2.2286e-16
7215.252 2.3293e-16
7216.788 2.3464e-16
7218.323 2.3575e-16
7219.858 2.3395e-16
7221.394 2.1826e-16
7222.929 2.2181e-16
7224.464 2.2236e-16
7226.000 2.2311e-16
7227.535 2.2096e-16
7229.070 2.265e-16
7230.606 2.4251e-16
7232.141 2.3264e-16
7233.677 2.2067e-16
7235.212 2.2121e-16
7236.748 2.3183e-16
7238.283 2.3468e-16
7239.818 2.3439e-16
7241.354 2.2691e-16
7242.889 2.3925e-16
7244.424 2.3624e-16
7245.960 2.3502e-16
7247.495 2.3523e-16
7249.031 2.3557e-16
7250.566 2.2811e-16
7252.102 2.2926e-16
7253.637 2.3279e-16
7255.172 2.3009e-16
7256.708 2.2615e-16
7258.243 2.2878e-16
7259.778 2.2519e-16
7261.314 2.1389e-16
7262.849 2.2277e-16
7264.385 2.2816e-16
7265.920 2.3044e-16
7267.456 2.2275e-16
7268.991 2.1978e-16
7270.526 2.1768e-16
7272.062 2.1794e-16
7273.597 2.2254e-16
7275.132 2.2733e-16
7276.667 2.2636e-16
7278.203 2.2365e-16
7279.738 2.194e-16
7281.274 2.2056e-16
7282.809 2.2337e-16
7284.345 2.1722e-16
7285.880 2.1279e-16
7287.416 2.1716e-16
7288.951 2.2265e-16
7290.486 2.2448e-16
7292.021 2.2379e-16
7293.557 2.1115e-16
7295.092 2.2111e-16
7296.628 2.2447e-16
7298.163 2.1394e-16
7299.699 2.1513e-16
7301.234 2.226e-16
7302.770 2.2146e-16
7304.305 2.1562e-16
7305.840 2.1369e-16
7307.375 2.0557e-16
7308.911 2.0546e-16
7310.446 2.1507e-16
7311.982 2.2821e-16
7313.517 2.2651e-16
7315.053 2.1941e-16
7316.588 2.1723e-16
7318.124 2.1148e-16
7319.659 2.0793e-16
7321.194 2.0513e-16
7322.729 2.0431e-16
7324.265 2.0751e-16
7325.800 2.1114e-16
7327.335 2.0835e-16
7328.871 2.0532e-16
7330.406 2.0747e-16
7331.942 2.0346e-16
7333.477 2.0175e-16
7335.013 1.9878e-16
7336.548 1.9222e-16
7338.083 2.0033e-16
7339.619 1.9883e-16
7341.154 2.1005e-16
7342.689 2.1185e-16
7344.225 2.067e-16
7345.760 2.0102e-16
7347.296 2.0313e-16
7348.831 2.0164e-16
7350.367 1.9934e-16
7351.902 2.01e-16
7353.438 2.0284e-16
7354.973 2.0076e-16
7356.508 2.0372e-16
7358.043 2.043e-16
7359.579 1.992e-16
7361.114 1.9706e-16
7362.650 1.9961e-16
7364.185 1.9941e-16
7365.721 1.9981e-16
7367.256 1.9435e-16
7368.792 1.9539e-16
7370.327 2.0049e-16
7371.862 1.9335e-16
7373.397 1.9242e-16
7374.933 1.9714e-16
7376.468 2.0068e-16
7378.003 1.9507e-16
7379.539 1.912e-16
7381.074 1.9977e-16
7382.610 2.0392e-16
7384.145 2.0662e-16
7385.681 2.0177e-16
7387.216 1.9665e-16
7388.751 1.9836e-16
7390.287 1.9464e-16
7391.822 1.9824e-16
7393.357 1.9791e-16
7394.893 1.9427e-16
7396.428 1.9874e-16
7397.964 1.981e-16
7399.499 1.9145e-16
7401.035 1.8951e-16
7402.570 1.9148e-16
7404.105 1.9131e-16
7405.641 1.9157e-16
7407.176 1.9142e-16
7408.711 1.9219e-16
7410.247 1.8901e-16
7411.782 1.8646e-16
7413.318 1.8791e-16
7414.853 1.8086e-16
7416.389 1.8185e-16
7417.924 1.9287e-16
7419.459 1.9118e-16
7420.995 1.8039e-16
7422.530 1.8616e-16
7424.065 1.8862e-16
7425.601 1.8598e-16
7427.136 1.8378e-16
7428.671 1.8884e-16
7430.207 1.9105e-16
7431.742 1.8789e-16
7433.278 1.8193e-16
7434.813 1.7448e-16
7436.349 1.7705e-16
7437.884 1.8316e-16
7439.419 1.8537e-16
7440.955 1.8334e-16
7442.490 1.8384e-16
7444.025 1.8648e-16
7445.561 1.8523e-16
7447.096 1.7931e-16
7448.632 1.7592e-16
7450.167 1.7234e-16
7451.703 1.7137e-16
7453.238 1.7927e-16
7454.773 1.8642e-16
7456.309 1.841e-16
7457.844 1.7473e-16
7459.379 1.7079e-16
7460.915 1.7653e-16
7462.450 1.8159e-16
7463.986 1.7998e-16
7465.521 1.7597e-16
7467.057 1.6839e-16
7468.592 1.6644e-16
7470.127 1.6944e-16
7471.663 1.7001e-16
7473.198 1.7372e-16
7474.733 1.7527e-16
7476.269 1.754e-16
7477.804 1.702e-16
7479.339 1.7028e-16
7480.875 1.8228e-16
7482.410 1.8031e-16
7483.946 1.7518e-16
7485.481 1.7618e-16
7487.017 1.7581e-16
7488.552 1.7466e-16
7490.087 1.724e-16
7491.623 1.7604e-16
7493.158 1.7872e-16
7494.693 1.7268e-16
7496.229 1.7282e-16
7497.764 1.7424e-16
7499.300 1.7161e-16
7500.835 1.7617e-16
7502.371 1.7992e-16
7503.906 1.7441e-16
7505.441 1.7068e-16
7506.977 1.7518e-16
7508.512 1.7827e-16
7510.047 1.7449e-16
7511.583 1.7038e-16
7513.118 1.7286e-16
7514.654 1.8108e-16
7516.189 1.7884e-16
7517.725 1.7386e-16
7519.260 1.7361e-16
7520.795 1.7844e-16
7522.331 1.8091e-16
7523.866 1.8975e-16
7525.401 1.9166e-16
7526.937 1.7752e-16
7528.472 1.7958e-16
7530.007 1.8246e-16
7531.543 1.7467e-16
7533.078 1.7718e-16
7534.614 1.7405e-16
7536.149 1.6518e-16
7537.685 1.6755e-16
7539.220 1.7675e-16
7540.755 1.7574e-16
7542.291 1.7772e-16
7543.826 1.7585e-16
7545.361 1.6864e-16
7546.897 1.693e-16
7548.432 1.7696e-16
7549.968 1.7742e-16
7551.503 1.7917e-16
7553.039 1.7387e-16
7554.574 1.7289e-16
7556.109 1.7764e-16
7557.645 1.7626e-16
7559.180 1.7992e-16
7560.715 1.7942e-16
7562.251 1.6932e-16
7563.786 1.6804e-16
7565.322 1.7758e-16
7566.857 1.7981e-16
7568.393 1.8217e-16
7569.928 1.7349e-16
7571.463 1.7381e-16
7572.999 1.7214e-16
7574.534 1.6811e-16
7576.069 1.6905e-16
7577.604 1.7998e-16
7579.140 1.8025e-16
7580.675 1.7331e-16
7582.211 1.7702e-16
7583.746 1.7258e-16
7585.282 1.8141e-16
7586.817 1.8909e-16
7588.353 1.8001e-16
7589.888 1.7268e-16
7591.423 1.7901e-16
7592.958 1.7323e-16
7594.494 1.709e-16
7596.029 1.5972e-16
7597.565 1.5814e-16
7599.100 1.6702e-16
7600.636 1.6694e-16
7602.171 1.5878e-16
7603.707 1.6445e-16
7605.242 1.5601e-16
7606.777 1.5713e-16
7608.312 1.5655e-16
7609.848 1.7291e-16
7611.383 1.6599e-16
7612.919 1.6607e-16
7614.454 1.677e-16
7615.990 1.6641e-16
7617.525 1.6589e-16
7619.061 1.6937e-16
7620.596 1.6211e-16
7622.131 1.5793e-16
7623.667 1.6095e-16
7625.202 1.6746e-16
7626.737 1.5917e-16
7628.272 1.6453e-16
7629.808 1.54e-16
7631.343 1.5608e-16
7632.879 1.8337e-16
7634.414 1.7044e-16
7635.950 1.7107e-16
7637.485 1.6276e-16
7639.021 1.6435e-16
7640.556 1.7028e-16
7642.091 1.7361e-16
7643.626 1.6961e-16
7645.162 1.6885e-16
7646.697 1.7104e-16
7648.233 1.6207e-16
7649.768 1.655e-16
7651.304 1.7406e-16
7652.839 1.7512e-16
7654.375 1.7358e-16
7655.910 1.7816e-16
7657.445 1.7196e-16
7658.980 1.6877e-16
7660.516 1.6913e-16
7662.051 1.7184e-16
7663.587 1.7542e-16
7665.122 1.81e-16
7666.658 1.7928e-16
7668.193 1.7952e-16
7669.729 1.7484e-16
7671.264 1.7368e-16
7672.799 1.7782e-16
7674.334 1.7433e-16
7675.870 1.7376e-16
7677.405 1.7357e-16
7678.940 1.789e-16
7680.476 1.7863e-16
7682.011 1.7001e-16
7683.547 1.7042e-16
7685.082 1.7643e-16
7686.618 1.7391e-16
7688.153 1.7153e-16
7689.688 1.8343e-16
7691.224 1.8065e-16
7692.759 1.7074e-16
7694.294 1.6484e-16
7695.830 1.7272e-16
7697.365 1.7732e-16
7698.901 1.6675e-16
7700.436 1.6513e-16
7701.972 1.722e-16
7703.507 1.8056e-16
7705.042 1.7992e-16
7706.578 1.6834e-16
7708.113 1.6429e-16
7709.648 1.6494e-16
7711.184 1.6796e-16
7712.719 1.7024e-16
7714.255 1.6501e-16
7715.790 1.6526e-16
7717.326 1.7216e-16
7718.861 1.7536e-16
7720.396 1.7515e-16
7721.932 1.6652e-16
7723.467 1.6119e-16
7725.002 1.6924e-16
7726.538 1.7079e-16
7728.073 1.6685e-16
7729.608 1.6728e-16
7731.144 1.6518e-16
7732.679 1.6878e-16
7734.215 1.7316e-16
7735.750 1.6918e-16
7737.286 1.6443e-16
7738.821 1.6882e-16
7740.356 1.6762e-16
7741.892 1.6649e-16
7743.427 1.7113e-16
7744.962 1.6943e-16
7746.498 1.6294e-16
7748.033 1.5994e-16
7749.569 1.802e-16
7751.104 1.8358e-16
7752.640 1.704e-16
7754.175 1.6719e-16
7755.710 1.6848e-16
7757.246 1.7069e-16
7758.781 1.728e-16
7760.316 1.8219e-16
7761.852 1.8125e-16
7763.387 1.7791e-16
7764.923 1.7595e-16
7766.458 1.7051e-16
7767.994 1.6948e-16
7769.529 1.6687e-16
7771.064 1.6864e-16
7772.600 1.7608e-16
7774.135 1.7356e-16
7775.670 1.7207e-16
7777.206 1.7668e-16
7778.741 1.7577e-16
7780.276 1.8114e-16
7781.812 1.8398e-16
7783.347 1.7562e-16
7784.883 1.7405e-16
7786.418 1.7698e-16
7787.954 1.7647e-16
7789.489 1.771e-16
7791.024 1.6809e-16
7792.560 1.7707e-16
7794.095 1.8194e-16
7795.630 1.6663e-16
7797.166 1.7347e-16
7798.701 1.7367e-16
7800.237 1.6389e-16
7801.772 1.6607e-16
7803.308 1.6927e-16
7804.843 1.7234e-16
7806.378 1.726e-16
7807.914 1.6671e-16
7809.449 1.6457e-16
7810.984 1.6578e-16
7812.520 1.7005e-16
7814.055 1.7325e-16
7815.591 1.7175e-16
7817.126 1.7334e-16
7818.662 1.7012e-16
7820.197 1.7403e-16
7821.732 1.7598e-16
7823.268 1.7322e-16
7824.803 1.7732e-16
7826.338 1.6922e-16
7827.874 1.7793e-16
7829.409 1.7719e-16
7830.944 1.6538e-16
7832.480 1.6817e-16
7834.015 1.7303e-16
7835.551 1.6705e-16
7837.086 1.6938e-16
7838.622 1.7067e-16
7840.157 1.7053e-16
7841.692 1.7827e-16
7843.228 1.7658e-16
7844.763 1.756e-16
7846.298 1.7481e-16
7847.834 1.6934e-16
7849.369 1.6357e-16
7850.905 1.7234e-16
7852.440 1.8053e-16
7853.976 1.825e-16
7855.511 1.8383e-16
7857.046 1.714e-16
7858.582 1.7344e-16
7860.117 1.7771e-16
7861.652 1.7849e-16
7863.188 1.743e-16
7864.723 1.6812e-16
7866.259 1.6644e-16
7867.794 1.7546e-16
7869.330 1.8846e-16
7870.865 1.9132e-16
7872.400 1.8035e-16
7873.936 1.7111e-16
7875.471 1.7746e-16
7877.006 1.7822e-16
7878.542 1.8585e-16
7880.077 1.8678e-16
7881.612 1.7535e-16
7883.148 1.7596e-16
7884.683 1.7928e-16
7886.219 1.8067e-16
7887.754 1.9157e-16
7889.290 1.9363e-16
7890.825 1.8666e-16
7892.360 1.8356e-16
7893.896 1.8348e-16
7895.431 1.7978e-16
7896.966 1.884e-16
7898.502 1.8464e-16
7900.037 1.8347e-16
7901.573 1.7889e-16
7903.108 1.8072e-16
7904.644 1.8409e-16
7906.179 1.8629e-16
7907.714 1.8993e-16
7909.250 1.896e-16
7910.785 1.8143e-16
7912.320 1.8967e-16
7913.856 1.8682e-16
7915.391 1.8721e-16
7916.927 1.8659e-16
7918.462 1.8919e-16
7919.998 1.9425e-16
7921.533 1.9144e-16
7923.068 1.8348e-16
7924.604 1.8128e-16
7926.139 1.8185e-16
7927.674 1.8743e-16
7929.210 1.8656e-16
7930.745 1.8541e-16
7932.280 1.9725e-16
7933.816 1.9003e-16
7935.351 1.8801e-16
7936.887 1.9114e-16
7938.422 1.9341e-16
7939.958 1.8946e-16
7941.493 1.9085e-16
7943.028 1.9756e-16
7944.563 1.9779e-16
7946.099 1.9143e-16
7947.634 1.895e-16
7949.170 1.9025e-16
7950.705 1.8876e-16
7952.241 1.9316e-16
7953.776 1.9138e-16
7955.312 1.9518e-16
7956.847 1.8975e-16
7958.382 1.8552e-16
7959.917 1.8634e-16
7961.453 1.8283e-16
7962.988 1.8567e-16
7964.524 1.9734e-16
7966.059 1.9273e-16
7967.595 1.8466e-16
7969.130 1.8437e-16
7970.666 1.8836e-16
7972.201 1.9219e-16
7973.736 1.9521e-16
7975.271 1.9216e-16
7976.807 1.874e-16
7978.342 1.9115e-16
7979.878 1.9332e-16
7981.413 1.8669e-16
7982.948 1.8879e-16
7984.484 1.9365e-16
7986.019 1.9156e-16
7987.555 1.8647e-16
7989.090 1.8383e-16
7990.625 1.9069e-16
7992.161 1.9884e-16
7993.696 2.0358e-16
7995.231 2.013e-16
7996.767 2.0043e-16
7998.302 2.0396e-16
7999.838 1.9872e-16
8001.373 1.9672e-16
8002.909 2.0092e-16
8004.444 1.9921e-16
8005.979 1.9456e-16
8007.515 1.934e-16
8009.050 1.9336e-16
8010.585 1.9323e-16
8012.121 1.9838e-16
8013.656 2.0158e-16
8015.192 1.9616e-16
8016.727 1.9306e-16
8018.263 1.9588e-16
8019.798 1.9301e-16
8021.333 1.9024e-16
8022.869 1.9468e-16
8024.404 1.9818e-16
8025.939 1.9627e-16
8027.475 1.9317e-16
8029.010 1.9835e-16
8030.545 2.022e-16
8032.081 1.9773e-16
8033.616 1.9601e-16
8035.152 1.9399e-16
8036.687 1.8936e-16
8038.223 1.9515e-16
8039.758 2.0285e-16
8041.293 1.9824e-16
8042.829 1.9309e-16
8044.364 1.9819e-16
8045.899 2.0384e-16
8047.435 2.0145e-16
8048.970 2.0062e-16
8050.506 2.0802e-16
8052.041 2.1185e-16
8053.577 2.0404e-16
8055.112 2.0212e-16
8056.647 2.029e-16
8058.183 2.0563e-16
8059.718 2.0938e-16
8061.253 2.0893e-16
8062.789 2.0618e-16
8064.324 2.0686e-16
8065.860 2.0338e-16
8067.395 2.0409e-16
8068.931 2.0558e-16
8070.466 2.0347e-16
8072.001 2.0254e-16
8073.537 2.0995e-16
8075.072 2.1198e-16
8076.607 2.1191e-16
8078.143 2.1499e-16
8079.678 2.1019e-16
8081.213 2.0256e-16
8082.749 1.9936e-16
8084.284 2.0164e-16
8085.820 2.1146e-16
8087.355 2.1342e-16
8088.891 2.059e-16
8090.426 2.0861e-16
8091.961 2.1208e-16
8093.497 2.1383e-16
8095.032 2.122e-16
8096.567 2.1129e-16
8098.103 2.1313e-16
8099.638 2.1412e-16
8101.174 2.142e-16
8102.709 2.1854e-16
8104.245 2.1573e-16
8105.780 2.1026e-16
8107.315 2.1287e-16
8108.851 2.1256e-16
8110.386 2.1978e-16
8111.921 2.1931e-16
8113.457 2.1509e-16
8114.992 2.1674e-16
8116.528 2.1854e-16
8118.063 2.165e-16
8119.599 2.1543e-16
8121.134 2.1963e-16
8122.669 2.22e-16
8124.205 2.2447e-16
8125.740 2.1618e-16
8127.275 2.1231e-16
8128.811 2.1342e-16
8130.346 2.1753e-16
8131.881 2.2111e-16
8133.417 2.2086e-16
8134.952 2.2064e-16
8136.488 2.1755e-16
8138.023 2.2209e-16
8139.559 2.2363e-16
8141.094 2.2179e-16
8142.629 2.2576e-16
8144.165 2.236e-16
8145.700 2.2308e-16
8147.235 2.2884e-16
8148.771 2.2875e-16
8150.306 2.2053e-16
8151.842 2.1767e-16
8153.377 2.188e-16
8154.913 2.2193e-16
8156.448 2.3005e-16
8157.983 2.3764e-16
8159.519 2.3661e-16
8161.054 2.3045e-16
8162.589 2.2417e-16
8164.125 2.2724e-16
8165.660 2.3313e-16
8167.196 2.2945e-16
8168.731 2.2893e-16
8170.267 2.2415e-16
8171.802 2.1849e-16
8173.337 2.2435e-16
8174.873 2.3106e-16
8176.408 2.2946e-16
8177.943 2.2528e-16
8179.479 2.24e-16
8181.014 2.3385e-16
8182.549 2.3313e-16
8184.085 2.3266e-16
8185.620 2.3612e-16
8187.156 2.3536e-16
8188.691 2.375e-16
8190.227 2.3793e-16
8191.762 2.3387e-16
8193.297 2.399e-16
8194.833 2.4528e-16
8196.368 2.3328e-16
8197.903 2.213e-16
8199.438 2.3533e-16
8200.975 2.4982e-16
8202.510 2.3764e-16
8204.045 2.3143e-16
8205.580 2.3696e-16
8207.116 2.3179e-16
8208.651 2.308e-16
8210.187 2.3719e-16
8211.722 2.3873e-16
8213.258 2.358e-16
8214.793 2.3972e-16
8216.328 2.4301e-16
8217.863 2.4003e-16
8219.399 2.4199e-16
8220.935 2.4735e-16
8222.470 2.5204e-16
8224.005 2.5021e-16
8225.541 2.3959e-16
8227.076 2.3886e-16
8228.611 2.4225e-16
8230.146 2.3527e-16
8231.683 2.3924e-16
8233.218 2.4407e-16
8234.753 2.3657e-16
8236.288 2.4076e-16
8237.823 2.4626e-16
8239.359 2.4363e-16
8240.895 2.4517e-16
8242.430 2.4453e-16
8243.965 2.3962e-16
8245.501 2.3965e-16
8247.036 2.4554e-16
8248.571 2.51e-16
8250.106 2.48e-16
8251.643 2.4414e-16
8253.178 2.4577e-16
8254.713 2.442e-16
8256.248 2.429e-16
8257.784 2.3899e-16
8259.319 2.3652e-16
8260.854 2.3481e-16
8262.390 2.3767e-16
8263.926 2.4975e-16
8265.461 2.4818e-16
8266.996 2.4224e-16
8268.531 2.52e-16
8270.067 2.5198e-16
8271.603 2.4298e-16
8273.138 2.4324e-16
8274.673 2.406e-16
8276.209 2.4273e-16
8277.744 2.4628e-16
8279.279 2.4509e-16
8280.814 2.4436e-16
8282.350 2.4445e-16
8283.886 2.4722e-16
8285.421 2.5234e-16
8286.956 2.5613e-16
8288.491 2.5549e-16
8290.027 2.4952e-16
8291.562 2.429e-16
8293.098 2.4219e-16
8294.633 2.3571e-16
8296.169 2.4158e-16
8297.704 2.4896e-16
8299.239 2.5538e-16
8300.774 2.6329e-16
8302.311 2.5946e-16
8303.846 2.5421e-16
8305.381 2.501e-16
8306.916 2.4884e-16
8308.452 2.5014e-16
8309.987 2.49e-16
8311.522 2.5067e-16
8313.058 2.5088e-16
8314.594 2.4413e-16
8316.129 2.47e-16
8317.664 2.4409e-16
8319.199 2.3761e-16
8320.735 2.389e-16
8322.271 2.3949e-16
8323.806 2.3884e-16
8325.341 2.4743e-16
8326.877 2.5286e-16
8328.412 2.457e-16
8329.947 2.4033e-16
8331.482 2.4372e-16
8333.018 2.4799e-16
8334.554 2.5115e-16
8336.089 2.5696e-16
8337.624 2.5174e-16
8339.159 2.4534e-16
8340.695 2.434e-16
8342.230 2.4489e-16
8343.766 2.5808e-16
8345.301 2.6999e-16
8346.837 2.5908e-16
8348.372 2.429e-16
8349.907 2.4796e-16
8351.442 2.5538e-16
8352.979 2.5662e-16
8354.514 2.5456e-16
8356.049 2.5097e-16
8357.584 2.4783e-16
8359.120 2.4844e-16
8360.655 2.5325e-16
8362.190 2.5621e-16
8363.726 2.532e-16
8365.262 2.5371e-16
8366.797 2.5177e-16
8368.332 2.5835e-16
8369.867 2.5441e-16
8371.403 2.4344e-16
8372.938 2.4847e-16
8374.474 2.5783e-16
8376.009 2.5983e-16
8377.545 2.6022e-16
8379.080 2.6135e-16
8380.615 2.6208e-16
8382.150 2.5523e-16
8383.686 2.5257e-16
8385.222 2.5143e-16
8386.757 2.4863e-16
8388.292 2.5711e-16
8389.827 2.6342e-16
8391.363 2.5707e-16
8392.898 2.4802e-16
8394.434 2.4878e-16
8395.969 2.4876e-16
8397.505 2.5782e-16
8399.040 2.6128e-16
8400.575 2.5904e-16
8402.110 2.5354e-16
8403.646 2.5543e-16
8405.182 2.4826e-16
8406.717 2.5086e-16
8408.252 2.6054e-16
8409.788 2.6087e-16
8411.323 2.5711e-16
8412.858 2.5055e-16
8414.394 2.5659e-16
8415.930 2.594e-16
8417.465 2.5609e-16
8419.000 2.5257e-16
8420.535 2.4937e-16
8422.071 2.4727e-16
8423.606 2.4952e-16
8425.142 2.4917e-16
8426.677 2.3893e-16
8428.213 2.3862e-16
8429.748 2.5801e-16
8431.283 2.6217e-16
8432.818 2.5109e-16
8434.354 2.5162e-16
8435.890 2.5566e-16
8437.425 2.5599e-16
8438.960 2.5874e-16
8440.495 2.5527e-16
8442.031 2.5313e-16
8443.566 2.5737e-16
8445.102 2.5716e-16
8446.637 2.5186e-16
8448.173 2.4763e-16
8449.708 2.5335e-16
8451.243 2.6501e-16
8452.778 2.6575e-16
8454.314 2.5182e-16
8455.850 2.4912e-16
8457.385 2.6227e-16
8458.920 2.6601e-16
8460.456 2.5291e-16
8461.991 2.4031e-16
8463.526 2.4279e-16
8465.062 2.537e-16
8466.598 2.6033e-16
8468.133 2.6007e-16
8469.668 2.5827e-16
8471.203 2.5387e-16
8472.739 2.4925e-16
8474.274 2.5493e-16
8475.810 2.5741e-16
8477.345 2.4926e-16
8478.881 2.535e-16
8480.416 2.5841e-16
8481.951 2.6008e-16
8483.486 2.5851e-16
8485.021 2.6123e-16
8486.558 2.5921e-16
8488.093 2.538e-16
8489.628 2.4702e-16
8491.163 2.4677e-16
8492.699 2.5236e-16
8494.234 2.5508e-16
8495.770 2.528e-16
8497.305 2.4945e-16
8498.841 2.4541e-16
8500.376 2.4417e-16
8501.911 2.5335e-16
8503.446 2.5938e-16
8504.982 2.5099e-16
8506.518 2.4951e-16
8508.053 2.4671e-16
8509.588 2.4599e-16
8511.124 2.4987e-16
8512.659 2.489e-16
8514.194 2.463e-16
8515.729 2.4446e-16
8517.266 2.3905e-16
8518.801 2.3788e-16
8520.336 2.4197e-16
8521.871 2.3871e-16
8523.407 2.395e-16
8524.942 2.4729e-16
8526.478 2.3752e-16
8528.013 2.3847e-16
8529.549 2.4076e-16
8531.084 2.4354e-16
8532.619 2.5063e-16
8534.154 2.5296e-16
8535.689 2.4606e-16
8537.226 2.4555e-16
8538.761 2.4812e-16
8540.296 2.4121e-16
8541.831 2.398e-16
8543.367 2.4194e-16
8544.902 2.416e-16
8546.438 2.4305e-16
8547.973 2.4152e-16
8549.509 2.4251e-16
8551.044 2.3692e-16
8552.579 2.4227e-16
8554.114 2.456e-16
8555.650 2.4527e-16
8557.186 2.4115e-16
8558.721 2.3845e-16
8560.256 2.4464e-16
8561.792 2.5025e-16
8563.327 2.4235e-16
8564.862 2.3652e-16
8566.397 2.3611e-16
8567.934 2.326e-16
8569.469 2.3692e-16
8571.004 2.4554e-16
8572.539 2.4802e-16
8574.075 2.4445e-16
8575.610 2.4402e-16
8577.146 2.4837e-16
8578.681 2.4811e-16
8580.217 2.4312e-16
8581.752 2.4127e-16
8583.287 2.3475e-16
8584.822 2.3514e-16
8586.357 2.375e-16
8587.894 2.3921e-16
8589.429 2.3978e-16
8590.964 2.4153e-16
8592.499 2.389e-16
8594.035 2.3633e-16
8595.570 2.3624e-16
8597.105 2.2766e-16
8598.641 2.2859e-16
8600.177 2.299e-16
8601.712 2.3417e-16
8603.247 2.3843e-16
8604.782 2.3922e-16
8606.318 2.3951e-16
8607.854 2.3829e-16
8609.389 2.3935e-16
8610.924 2.3964e-16
8612.460 2.3845e-16
8613.995 2.4004e-16
8615.530 2.3701e-16
8617.065 2.3493e-16
8618.602 2.3035e-16
8620.137 2.2946e-16
8621.672 2.3407e-16
8623.207 2.3731e-16
8624.743 2.3973e-16
8626.278 2.3425e-16
8627.813 2.3284e-16
8629.349 2.3816e-16
8630.885 2.3794e-16
8632.420 2.3561e-16
8633.955 2.2951e-16
8635.490 2.2974e-16
8637.025 2.2752e-16
8638.562 2.1898e-16
8640.097 2.181e-16
8641.632 2.2114e-16
8643.167 2.3348e-16
8644.703 2.3542e-16
8646.238 2.2358e-16
8647.773 2.256e-16
8649.309 2.2385e-16
8650.845 2.2264e-16
8652.380 2.2693e-16
8653.915 2.2779e-16
8655.450 2.2771e-16
8656.986 2.3341e-16
8658.521 2.38e-16
8660.057 2.3013e-16
8661.592 2.275e-16
8663.128 2.3043e-16
8664.663 2.2652e-16
8666.198 2.1108e-16
8667.733 2.1124e-16
8669.270 2.2333e-16
8670.805 2.2129e-16
8672.340 2.2257e-16
8673.875 2.2622e-16
8675.411 2.2337e-16
8676.946 2.2186e-16
8678.481 2.281e-16
8680.017 2.2381e-16
8681.553 2.2778e-16
8683.088 2.2527e-16
8684.623 2.2215e-16
8686.158 2.1807e-16
8687.693 2.1981e-16
8689.229 2.2252e-16
8690.765 2.1837e-16
8692.300 2.1531e-16
8693.835 2.1688e-16
8695.371 2.1134e-16
8696.906 2.1805e-16
8698.441 2.2597e-16
8699.977 2.185e-16
8701.513 2.1471e-16
8703.048 2.1811e-16
8704.583 2.2096e-16
8706.118 2.192e-16
8707.654 2.1847e-16
8709.189 2.1884e-16
8710.725 2.2088e-16
8712.260 2.2472e-16
8713.796 2.217e-16
8715.331 2.14e-16
8716.866 2.1231e-16
8718.401 2.0878e-16
8719.938 2.0998e-16
8721.473 2.0988e-16
8723.008 2.1837e-16
8724.543 2.2219e-16
8726.079 2.1627e-16
8727.614 2.1534e-16
8729.149 2.1785e-16
8730.685 2.0752e-16
8732.221 2.0716e-16
8733.756 2.0904e-16
8735.291 2.1014e-16
8736.826 2.1534e-16
8738.361 2.1993e-16
8739.897 2.1566e-16
8741.433 2.1451e-16
8742.968 2.1266e-16
8744.503 2.1777e-16
8746.039 2.1166e-16
8747.574 2.0644e-16
8749.109 2.1668e-16
8750.645 2.1292e-16
8752.181 2.0831e-16
8753.716 2.1199e-16
8755.251 2.0766e-16
8756.786 2.047e-16
8758.322 2.0004e-16
8759.857 2.112e-16
8761.393 2.1939e-16
8762.928 2.0853e-16
8764.464 2.0017e-16
8765.999 2.0899e-16
8767.534 2.1726e-16
8769.069 2.1434e-16
8770.605 2.0916e-16
8772.141 2.0062e-16
8773.676 1.9145e-16
8775.211 1.9304e-16
8776.747 2.1794e-16
8778.282 2.2073e-16
8779.817 2.1328e-16
8781.353 2.0936e-16
8782.889 2.0536e-16
8784.424 2.0701e-16
8785.959 2.0662e-16
8787.494 1.9849e-16
8789.029 2.0006e-16
8790.565 2.0456e-16
8792.101 1.9609e-16
8793.636 2.0146e-16
8795.171 2.1034e-16
8796.707 2.0339e-16
8798.242 1.9997e-16
8799.777 2.0486e-16
8801.312 2.0264e-16
8802.849 2.0061e-16
8804.384 2.0465e-16
8805.919 2.0896e-16
8807.454 2.1039e-16
8808.990 2.0324e-16
8810.525 2.0045e-16
8812.061 2.0585e-16
8813.596 2.0831e-16
8815.132 2.0124e-16
8816.667 1.96e-16
8818.202 2.0052e-16
8819.737 2.0584e-16
8821.273 2.0773e-16
8822.809 1.9627e-16
8824.344 1.8588e-16
8825.879 1.9391e-16
8827.415 2.1926e-16
8828.950 2.213e-16
8830.485 2.0516e-16
8832.021 2.0322e-16
8833.557 2.0484e-16
8835.092 2.1078e-16
8836.627 2.1523e-16
8838.162 2.0623e-16
8839.697 1.9425e-16
8841.233 1.9667e-16
8842.769 2.0223e-16
8844.304 2.0279e-16
8845.839 1.9756e-16
8847.375 2.0112e-16
8848.910 2.0553e-16
8850.445 2.0111e-16
8851.980 2.0144e-16
8853.517 2.0208e-16
8855.052 1.997e-16
8856.587 2.0072e-16
8858.122 2.015e-16
8859.658 1.9685e-16
8861.193 1.9706e-16
8862.729 2.001e-16
8864.264 1.9855e-16
8865.800 2.0344e-16
8867.335 2.0756e-16
8868.870 1.9951e-16
8870.405 1.9575e-16
8871.941 1.9358e-16
8873.477 1.9969e-16
8875.012 2.0347e-16
8876.547 2.0145e-16
8878.083 2.0013e-16
8879.618 2.0147e-16
8881.153 1.9761e-16
8882.688 1.9627e-16
8884.225 2.1028e-16
8885.760 2.3212e-16
8887.295 2.2763e-16
8888.830 2.0324e-16
8890.365 1.9685e-16
8891.901 2.0186e-16
8893.437 2.0228e-16
8894.972 2.0288e-16
8896.507 1.9889e-16
8898.043 1.9737e-16
8899.578 2.0158e-16
8901.113 2.0994e-16
8902.648 2.1736e-16
8904.185 2.0867e-16
8905.720 1.9856e-16
8907.255 1.9889e-16
8908.790 1.989e-16
8910.326 1.996e-16
8911.861 1.9651e-16
8913.396 1.9285e-16
8914.932 1.8547e-16
8916.468 1.7485e-16
8918.003 1.8806e-16
8919.538 2.1468e-16
8921.073 2.2174e-16
8922.609 1.9628e-16
8924.145 1.9274e-16
8925.680 1.9988e-16
8927.215 2.0553e-16
8928.751 2.0059e-16
8930.286 1.9556e-16
8931.821 1.9292e-16
8933.356 1.9289e-16
8934.893 1.9952e-16
8936.428 2.0281e-16
8937.963 1.9466e-16
8939.498 1.8522e-16
8941.033 1.8731e-16
8942.569 1.9406e-16
8944.104 2.0385e-16
8945.640 1.9695e-16
8947.175 1.9253e-16
8948.711 1.921e-16
8950.246 1.9322e-16
8951.781 1.8749e-16
8953.316 1.8652e-16
8954.853 1.8387e-16
8956.388 1.9309e-16
8957.923 2.1507e-16
8959.458 2.0936e-16
8960.994 1.9325e-16
8962.529 1.9061e-16
8964.064 1.8982e-16
8965.600 1.9232e-16
8967.136 1.9313e-16
8968.671 1.8523e-16
8970.206 1.8101e-16
8971.741 1.8389e-16
8973.277 1.8325e-16
8974.812 1.7557e-16
8976.348 1.8142e-16
8977.883 1.8984e-16
8979.419 1.9742e-16
8980.954 1.9506e-16
8982.489 1.8643e-16
8984.024 1.8272e-16
8985.561 1.7619e-16
8987.096 1.852e-16
8988.631 1.9471e-16
8990.166 2.0309e-16
8991.701 1.965e-16
8993.237 1.8794e-16
8994.772 1.9633e-16
8996.308 1.8592e-16
8997.843 1.7193e-16
8999.379 1.9016e-16
9000.914 2.001e-16
9002.449 1.9316e-16
9003.984 1.9571e-16
9005.521 1.9398e-16
9007.056 1.8412e-16
9008.591 1.8288e-16
9010.126 1.8578e-16
9011.662 1.8269e-16
9013.197 1.8149e-16
9014.732 1.8944e-16
9016.268 1.9278e-16
9017.804 1.8482e-16
9019.339 1.8755e-16
9020.874 1.924e-16
9022.409 1.9065e-16
9023.945 1.8977e-16
9025.480 1.8609e-16
9027.016 1.8711e-16
9028.551 1.8418e-16
9030.087 1.8159e-16
9031.622 1.8849e-16
9033.157 1.8555e-16
9034.692 1.83e-16
9036.229 1.8891e-16
9037.764 1.8574e-16
9039.299 1.835e-16
9040.834 1.8331e-16
9042.369 1.7946e-16
9043.905 1.7406e-16
9045.440 1.7767e-16
9046.976 1.9716e-16
9048.511 2.043e-16
9050.047 1.9354e-16
9051.582 1.8545e-16
9053.117 1.8775e-16
9054.652 1.8472e-16
9056.188 1.8565e-16
9057.724 1.8698e-16
9059.259 1.8494e-16
9060.794 1.9045e-16
9062.330 1.8965e-16
9063.865 1.8426e-16
9065.400 1.8089e-16
9066.936 1.7715e-16
9068.472 1.8097e-16
9070.007 1.8631e-16
9071.542 1.8885e-16
9073.077 1.9104e-16
9074.613 1.9468e-16
9076.148 1.9239e-16
9077.684 1.8879e-16
9079.219 1.9332e-16
9080.755 1.9508e-16
9082.290 1.9728e-16
9083.825 1.8816e-16
9085.360 1.8694e-16
9086.896 1.9326e-16
9088.432 1.9134e-16
9089.967 1.8798e-16
9091.502 1.8412e-16
9093.037 1.9195e-16
9094.573 1.9244e-16
9096.108 1.8303e-16
9097.644 1.7768e-16
9099.179 1.7501e-16
9100.715 1.8536e-16
9102.250 1.9128e-16
9103.785 1.8493e-16
9105.320 1.8209e-16
9106.856 1.849e-16
9108.392 1.924e-16
9109.927 1.7702e-16
9111.462 1.7153e-16
9112.998 1.7861e-16
9114.533 1.833e-16
9116.068 1.8131e-16
9117.604 1.854e-16
9119.140 1.9139e-16
9120.675 1.8703e-16
9122.210 1.8908e-16
9123.745 1.8274e-16
9125.281 1.8374e-16
9126.816 1.8829e-16
9128.352 1.8681e-16
9129.887 1.8464e-16
9131.423 1.8563e-16
9132.958 1.872e-16
9134.493 1.8485e-16
9136.028 1.793e-16
9137.563 1.7977e-16
9139.100 1.8127e-16
9140.635 1.8352e-16
9142.170 1.8699e-16
9143.705 1.8533e-16
9145.241 1.8535e-16
9146.776 1.8469e-16
9148.312 1.8551e-16
9149.847 1.8025e-16
9151.383 1.851e-16
9152.918 1.9493e-16
9154.453 1.8759e-16
9155.988 1.8684e-16
9157.524 1.8798e-16
9159.060 1.8615e-16
9160.595 1.9065e-16
9162.130 1.8924e-16
9163.666 1.8104e-16
9165.201 1.8551e-16
9166.736 1.8774e-16
9168.271 1.8087e-16
9169.808 1.8449e-16
9171.343 1.8571e-16
9172.878 1.8003e-16
9174.413 1.7781e-16
9175.949 1.8342e-16
9177.484 1.9029e-16
9179.020 1.876e-16
9180.555 1.8776e-16
9182.091 1.8474e-16
9183.626 1.7884e-16
9185.161 1.838e-16
9186.696 1.8626e-16
9188.231 1.8722e-16
9189.768 1.8371e-16
9191.303 1.7977e-16
9192.838 1.8161e-16
9194.373 1.9007e-16
9195.909 1.9028e-16
9197.444 1.8197e-16
9198.979 1.8822e-16
9200.515 1.8954e-16
9202.051 1.8501e-16
9203.586 1.869e-16
9205.121 1.8977e-16
9206.656 1.8396e-16
9208.192 1.7804e-16
9209.728 1.8958e-16
9211.263 1.9121e-16
9212.798 1.8635e-16
9214.334 1.9285e-16
9215.869 1.9415e-16
9217.404 1.8967e-16
9218.939 1.9076e-16
9220.476 1.8682e-16
9222.011 1.7989e-16
9223.546 1.8831e-16
9225.081 1.9239e-16
9226.617 1.9007e-16
9228.152 1.8658e-16
9229.688 1.9121e-16
9231.223 1.9407e-16
9232.759 1.9126e-16
9234.294 1.9646e-16
9235.829 1.952e-16
9237.364 1.9149e-16
9238.899 1.9207e-16
9240.436 1.9125e-16
9241.971 1.8629e-16
9243.506 1.8257e-16
9245.041 1.9416e-16
9246.577 1.9614e-16
9248.112 1.8654e-16
9249.647 1.8879e-16
9251.183 1.8254e-16
9252.719 1.8181e-16
9254.254 1.8475e-16
9255.789 1.8823e-16
9257.324 1.8941e-16
9258.860 1.7926e-16
9260.396 1.7486e-16
9261.931 1.8096e-16
9263.466 1.8924e-16
9265.002 1.9515e-16
9266.537 1.9179e-16
9268.072 1.9233e-16
9269.607 1.8521e-16
9271.144 1.8632e-16
9272.679 1.9601e-16
9274.214 1.8816e-16
9275.749 1.8026e-16
9277.285 1.8975e-16
9278.820 1.9219e-16
9280.355 1.9359e-16
9281.891 1.8485e-16
9283.427 1.8294e-16
9284.962 1.8906e-16
9286.497 1.8207e-16
9288.032 1.9427e-16
9289.567 1.9354e-16
9291.104 2.035e-16
9292.639 2.2005e-16
9294.174 2.13e-16
9295.709 2.1123e-16
9297.245 1.9854e-16
9298.780 1.8419e-16
9300.315 1.9025e-16
9301.851 1.8461e-16
9303.387 1.74e-16
9304.922 1.7761e-16
9306.457 1.9993e-16
9307.992 2.1714e-16
9309.528 1.8535e-16
9311.063 1.8225e-16
9312.599 2.0313e-16
9314.134 2.2213e-16
9315.670 2.0091e-16
9317.205 1.8418e-16
9318.740 1.8673e-16
9320.275 1.8033e-16
9321.812 2.0268e-16
9323.347 2.2811e-16
9324.882 2.2574e-16
9326.417 1.9324e-16
9327.953 1.9614e-16
9329.488 1.9728e-16
9331.023 1.9296e-16
9332.559 1.9207e-16
9334.095 1.812e-16
9335.630 1.8652e-16
9337.165 1.9942e-16
9338.700 1.9828e-16
9340.235 1.7597e-16
9341.771 1.7985e-16
9343.307 2.0254e-16
9344.842 2.1628e-16
9346.377 2.0566e-16
9347.913 1.9661e-16
9349.448 1.927e-16
9350.983 2.0241e-16
9352.519 2.1138e-16
9354.055 2.0533e-16
9355.590 2.0708e-16
9357.125 2.0459e-16
9358.660 1.9978e-16
9360.196 2.0445e-16
9361.731 2.0135e-16
9363.267 1.9284e-16
9364.802 1.9726e-16
9366.338 1.8738e-16
9367.873 1.8992e-16
9369.408 1.9768e-16
9370.943 1.6144e-16
9372.479 1.4267e-16
9374.015 1.9388e-16
9375.550 2.4962e-16
9377.085 2.5288e-16
9378.621 2.1651e-16
9380.156 2.0069e-16
9381.691 2.0612e-16
9383.227 2.0846e-16
9384.763 2.0901e-16
9386.298 2.0342e-16
9387.833 2.0692e-16
9389.368 2.0611e-16
9390.903 2.0625e-16
9392.439 2.0879e-16
9393.975 2.0118e-16
9395.510 1.951e-16
9397.045 1.9678e-16
9398.581 2.0521e-16
9400.116 2.0952e-16
9401.651 2.0611e-16
9403.187 2.032e-16
9404.723 2.051e-16
9406.258 2.109e-16
9407.793 2.1022e-16
9409.328 2.0011e-16
9410.864 2.0504e-16
9412.399 2.0251e-16
9413.935 1.925e-16
9415.470 1.9878e-16
9417.006 1.9476e-16
9418.541 2.0791e-16
9420.076 2.2478e-16
9421.611 2.1311e-16
9423.147 1.8653e-16
9424.683 1.8078e-16
9426.218 1.9527e-16
9427.753 2.0494e-16
9429.289 2.0117e-16
9430.824 2.0218e-16
9432.359 1.9799e-16
9433.895 1.8148e-16
9435.431 1.6025e-16
9436.966 1.6844e-16
9438.501 2.2895e-16
9440.036 2.5502e-16
9441.571 2.1753e-16
9443.107 2.0297e-16
9444.643 1.9897e-16
9446.178 1.8987e-16
9447.713 1.9685e-16
9449.249 2.0533e-16
9450.784 1.9404e-16
9452.319 1.9053e-16
9453.854 1.8469e-16
9455.391 1.8353e-16
9456.926 1.9965e-16
9458.461 2.1696e-16
9459.996 2.0444e-16
9461.532 1.9029e-16
9463.067 1.9256e-16
9464.603 1.8607e-16
9466.138 1.8951e-16
9467.674 1.7838e-16
9469.209 1.7871e-16
9470.744 1.7876e-16
9472.279 1.6744e-16
9473.815 1.5266e-16
9475.351 1.6084e-16
9476.886 2.0823e-16
9478.421 2.0815e-16
9479.957 1.8061e-16
9481.492 1.7559e-16
9483.027 1.7957e-16
9484.562 1.8156e-16
9486.099 1.8979e-16
9487.634 1.8506e-16
9489.169 1.7602e-16
9490.704 1.7217e-16
9492.239 1.6775e-16
9493.775 1.7726e-16
9495.311 1.7809e-16
9496.846 1.6294e-16
9498.381 1.4597e-16
9499.917 1.6358e-16
9501.452 1.8008e-16
9502.987 1.842e-16
9504.522 1.7694e-16
9506.059 1.7662e-16
9507.594 1.79e-16
9509.129 1.616e-16
9510.664 1.604e-16
9512.200 1.6958e-16
9513.735 1.6572e-16
9515.271 1.529e-16
9516.806 1.6061e-16
9518.342 1.7445e-16
9519.877 1.7637e-16
9521.412 1.7287e-16
9522.947 1.6616e-16
9524.483 1.7259e-16
9526.019 1.8129e-16
9527.554 1.7517e-16
9529.089 1.6831e-16
9530.625 1.697e-16
9532.160 1.7829e-16
9533.695 1.7382e-16
9535.230 1.6951e-16
9536.767 1.7347e-16
9538.302 1.7007e-16
9539.837 1.6123e-16
9541.372 1.6056e-16
9542.907 1.6818e-16
9544.443 1.7585e-16
9545.979 1.7844e-16
9547.514 1.7339e-16
9549.049 1.6466e-16
9550.585 1.6177e-16
9552.120 1.6264e-16
9553.655 1.6472e-16
9555.190 1.6619e-16
9556.727 1.6994e-16
9558.262 1.667e-16
9559.797 1.6574e-16
9561.332 1.6013e-16
9562.868 1.4682e-16
9564.403 1.4614e-16
9565.938 1.7818e-16
9567.474 1.9212e-16
9569.010 1.7244e-16
9570.545 1.6429e-16
9572.080 1.5836e-16
9573.615 1.6412e-16
9575.151 1.7298e-16
9576.687 1.646e-16
9578.222 1.5933e-16
9579.757 1.5995e-16
9581.293 1.6106e-16
9582.828 1.6646e-16
9584.363 1.7448e-16
9585.898 1.6738e-16
9587.435 1.623e-16
9588.970 1.7045e-16
9590.505 1.6623e-16
9592.040 1.676e-16
9593.575 1.7079e-16
9595.111 1.7191e-16
9596.646 1.7497e-16
9598.182 1.7094e-16
9599.717 1.688e-16
9601.253 1.695e-16
9602.788 1.6601e-16
9604.323 1.7654e-16
9605.858 1.7915e-16
9607.395 1.772e-16
9608.930 1.8199e-16
9610.465 1.7799e-16
9612.000 1.7224e-16
9613.536 1.7292e-16
9615.071 1.7984e-16
9616.606 1.7717e-16
9618.142 1.8163e-16
9619.678 1.8678e-16
9621.213 1.8501e-16
9622.748 1.818e-16
9624.283 1.7614e-16
9625.819 1.7e-16
9627.354 1.65e-16
9628.890 1.6611e-16
9630.425 1.7026e-16
9631.961 1.7103e-16
9633.496 1.5992e-16
9635.031 1.5877e-16
9636.566 1.5909e-16
9638.103 1.6649e-16
9639.638 1.7014e-16
9641.173 1.5953e-16
9642.708 1.5459e-16
9644.243 1.4899e-16
9645.779 1.5773e-16
9647.314 1.6753e-16
9648.850 1.6052e-16
9650.385 1.5268e-16
9651.921 1.5163e-16
9653.456 1.4975e-16
9654.991 1.6085e-16
9656.526 1.5337e-16
9658.062 1.4441e-16
9659.598 1.3727e-16
9661.133 1.3986e-16
9662.668 1.3413e-16
9664.204 1.2731e-16
9665.739 1.3574e-16
9667.274 1.4066e-16
9668.810 1.2925e-16
9670.346 1.2977e-16
9671.881 1.2197e-16
9673.416 1.1867e-16
9674.951 1.1127e-16
9676.487 1.1269e-16
9678.022 1.1412e-16
9679.558 1.1331e-16
9681.093 1.0959e-16
9682.629 1.0363e-16
9684.164 1.0656e-16
9685.699 1.0563e-16
9687.234 9.8583e-17
9688.771 8.9473e-17
9690.306 8.6017e-17
9691.841 8.9778e-17
9693.376 8.8233e-17
9694.911 7.8384e-17
9696.447 7.385e-17
9697.982 7.6708e-17
9699.518 7.7e-17