band t mag emag
B 0.00415509259259 19.48 0.280713376952
B 0.00415509259259 19.46 0.280713376952
U 0.00791666666667 19.07 0.330605505096
W 0.00847222222222 19.58 0.233452350599
B 0.00960648148148 19.26 0.230867927612
V 0.0119907407407 18.82 0.290172362571
U 0.0149189814815 18.82 0.280713376952
W 0.015474537037 19.21 0.312569992162
U 0.0168634259259 19.3 0.370540146273
UW2 0.0176967592593 19.17 0.351283361405
U 0.0188078703704 18.99 0.31064449134
U 0.0188078703704 19.17 0.351283361405
UW2 0.0196412037037 19.19 0.361247837364
UM2 0.0201967592593 18.7 0.361247837364
UW1 0.020474537037 18.97 0.331360830516
U 0.0207523148148 18.97 0.331360830516
U 0.0207523148148 19.19 0.361247837364
U 0.0207523148148 18.9 0.320624390838
UW2 0.0215856481481 19.13 0.351283361405
UW1 0.0224189814815 18.79 0.301496268634
U 0.0226967592593 18.95 0.31064449134
U 0.0226967592593 18.79 0.301496268634
U 0.0226967592593 19.13 0.351283361405
U 0.0226967592593 18.7 0.361247837364
UW2 0.0235300925926 18.66 0.291547594742
UW1 0.0243634259259 18.57 0.281602556807
U 0.0246296296296 18.67 0.270739727414
U 0.0246296296296 18.57 0.281602556807
U 0.0246296296296 18.66 0.291547594742
W 0.0251851851852 18.09 0.322490309932
UW2 0.025474537037 19.1 0.341320963318
U 0.0265740740741 19.1 0.341320963318
U 0.0265740740741 18.5 0.25079872408
UW2 0.0274074074074 18.94 0.3214031736
U 0.0285069444444 18.93 0.300665927567
U 0.0285069444444 18.94 0.3214031736
UW1 0.0301851851852 18.61 0.281602556807
U 0.0304513888889 18.65 0.300665927567
U 0.0304513888889 18.61 0.281602556807
UW2 0.0313425925926 18.44 0.291547594742
UM2 0.0688541666667 18.67 0.133416640641
UW1 0.0712268518519 18.53 0.11401754251
U 0.073587962963 18.53 0.11401754251
U 0.073587962963 18.44 0.291547594742
U 0.073587962963 18.38 0.111803398875
B 0.0759606481481 18.35 0.181107702763
W 0.0783217592593 18.39 0.0894427191
UW2 0.0807060185185 18.29 0.11401754251
V 0.0830671296296 18.71 0.320156211872
UM2 0.0854282407407 18.5 0.133416640641
UW1 0.0878009259259 18.37 0.104403065089
U 0.090162037037 18.37 0.104403065089
U 0.090162037037 18.29 0.11401754251
U 0.090162037037 18.67 0.133416640641
U 0.090162037037 18.26 0.0921954445729
B 0.0925347222222 18.38 0.111803398875
W 0.0949074074074 18.35 0.0894427191
UW2 0.0972800925926 18.1 0.133416640641
V 0.1353125 18.17 0.240208242989
V 0.137951388889 18.23 0.250199920064
V 0.140590277778 17.95 0.180277563773
V 0.143229166667 18.12 0.190262975904
UM2 0.14587962963 18.1 0.104403065089
UM2 0.148518518519 18.12 0.11401754251
UM2 0.151157407407 18.09 0.104403065089
UM2 0.153796296296 18.07 0.104403065089
UW1 0.156458333333 17.97 0.0948683298051
UW1 0.159097222222 17.96 0.0948683298051
UW1 0.161736111111 18.02 0.0948683298051
UW1 0.164375 18.06 0.104403065089
UW2 0.202268518519 17.84 0.104403065089
UW2 0.204907407407 17.76 0.104403065089
UW2 0.207546296296 17.65 0.104403065089
UW2 0.210185185185 17.78 0.104403065089
V 0.212835648148 17.92 0.160312195419
V 0.215474537037 18.09 0.180277563773
V 0.218113425926 17.83 0.150332963784
V 0.220752314815 17.94 0.160312195419
UM2 0.223414351852 17.96 0.104403065089
UM2 0.226053240741 17.96 0.104403065089
UM2 0.228680555556 18.04 0.104403065089
UM2 0.231319444444 18.05 0.123693168769
B 0.269224537037 17.63 0.0824621125124
B 0.271863425926 17.82 0.0921954445729
B 0.274502314815 17.82 0.0824621125124
B 0.27712962963 17.68 0.0728010988928
W 0.279791666667 17.55 0.05
W 0.282430555556 17.59 0.05
W 0.285069444444 17.61 0.05
W 0.287708333333 17.58 0.05
UW2 0.29037037037 17.65 0.104403065089
UW2 0.293009259259 17.63 0.104403065089
UW2 0.295648148148 17.63 0.104403065089
UW2 0.298287037037 17.61 0.11401754251
U 0.336168981481 17.97 0.0948683298051
U 0.336168981481 17.57 0.0538516480713
U 0.336168981481 18.5 0.133416640641
U 0.336168981481 18.1 0.133416640641
U 0.33880787037 17.84 0.104403065089
U 0.33880787037 18.1 0.104403065089
U 0.33880787037 17.96 0.0948683298051
U 0.33880787037 17.51 0.0538516480713
U 0.341446759259 18.02 0.0948683298051
U 0.341446759259 18.12 0.11401754251
U 0.341446759259 17.61 0.0538516480713
U 0.341446759259 17.76 0.104403065089
U 0.344074074074 17.49 0.0538516480713
U 0.344074074074 17.65 0.104403065089
U 0.344074074074 18.06 0.104403065089
U 0.344074074074 18.09 0.104403065089
B 0.346736111111 17.64 0.0728010988928
B 0.349375 17.6 0.0728010988928
B 0.352013888889 17.7 0.0728010988928
B 0.354652777778 17.67 0.0728010988928
W 0.357314814815 17.47 0.05
W 0.359953703704 17.5 0.05
W 0.362592592593 17.51 0.05
W 0.365219907407 17.5 0.05
UW1 0.403125 17.9 0.104403065089
UW1 0.405763888889 17.76 0.0948683298051
UW1 0.408402777778 17.69 0.0948683298051
UW1 0.411041666667 17.75 0.0948683298051
U 0.413703703704 17.78 0.104403065089
U 0.413703703704 17.9 0.104403065089
U 0.413703703704 17.53 0.0538516480713
U 0.413703703704 18.07 0.104403065089
U 0.416342592593 17.45 0.0538516480713
U 0.416342592593 17.76 0.0948683298051
U 0.416342592593 17.65 0.104403065089
U 0.416342592593 17.96 0.104403065089
U 0.418981481481 17.63 0.104403065089
U 0.418981481481 17.53 0.0538516480713
U 0.418981481481 17.69 0.0948683298051
U 0.418981481481 17.96 0.104403065089
U 0.421608796296 17.63 0.104403065089
U 0.421608796296 17.75 0.0948683298051
U 0.421608796296 18.04 0.104403065089
U 0.421608796296 17.54 0.0538516480713
B 0.424270833333 17.58 0.0728010988928
B 0.426909722222 17.69 0.0728010988928
B 0.429548611111 17.72 0.0728010988928
B 0.4321875 17.63 0.0824621125124
UM2 0.470081018519 17.8 0.104403065089
UM2 0.472719907407 17.71 0.104403065089
UM2 0.475358796296 17.63 0.0948683298051
UM2 0.477997685185 17.78 0.104403065089
UW1 0.480659722222 17.68 0.0948683298051
UW1 0.483287037037 17.64 0.0948683298051
UW1 0.485925925926 17.7 0.0948683298051
UW1 0.488564814815 17.68 0.0948683298051
U 0.491226851852 17.68 0.0948683298051
U 0.491226851852 17.61 0.11401754251
U 0.491226851852 17.57 0.0538516480713
U 0.491226851852 18.05 0.123693168769
U 0.493865740741 17.64 0.0948683298051
U 0.493865740741 17.66 0.104403065089
U 0.493865740741 17.53 0.0538516480713
U 0.493865740741 17.8 0.104403065089
U 0.49650462963 17.51 0.0538516480713
U 0.49650462963 17.71 0.104403065089
U 0.49650462963 17.7 0.0948683298051
U 0.49650462963 17.59 0.104403065089
U 0.499143518519 17.63 0.0948683298051
U 0.499143518519 17.68 0.0948683298051
U 0.499143518519 17.49 0.0538516480713
U 0.499143518519 17.6 0.104403065089
UW2 0.537037037037 17.66 0.104403065089
UW2 0.539675925926 17.59 0.104403065089
UW2 0.542314814815 17.6 0.104403065089
UW2 0.544953703704 17.68 0.104403065089
V 0.547615740741 17.72 0.140356688476
V 0.550243055556 17.89 0.160312195419
V 0.552881944444 17.67 0.130384048104
V 0.555520833333 17.71 0.140356688476
UM2 0.55818287037 17.73 0.104403065089
UM2 0.560821759259 17.67 0.104403065089
B 0.603993055556 17.64 0.0824621125124
B 0.606631944444 17.71 0.0824621125124
B 0.609270833333 17.69 0.0824621125124
B 0.611909722222 17.84 0.0824621125124
W 0.614560185185 17.53 0.05
W 0.617199074074 17.51 0.05
W 0.619837962963 17.52 0.05
W 0.622476851852 17.5 0.05
UW2 0.625138888889 17.75 0.104403065089
UW2 0.627777777778 17.69 0.104403065089
U 0.670949074074 17.68 0.104403065089
U 0.670949074074 17.75 0.0948683298051
U 0.670949074074 17.57 0.0538516480713
U 0.670949074074 17.78 0.104403065089
U 0.673576388889 17.57 0.0538516480713
U 0.673576388889 17.73 0.104403065089
U 0.673576388889 17.8 0.0948683298051
U 0.673576388889 17.75 0.104403065089
U 0.676215277778 17.69 0.104403065089
U 0.676215277778 17.56 0.0538516480713
U 0.676215277778 17.67 0.104403065089
U 0.678854166667 17.63 0.0538516480713
B 0.681516203704 17.66 0.0728010988928
B 0.684155092593 17.62 0.0728010988928
B 0.686793981481 17.51 0.0921954445729
B 0.68943287037 17.68 0.0728010988928
W 0.692094907407 17.53 0.05
W 0.694733796296 17.58 0.05
W 0.697372685185 17.5 0.05
W 0.700011574074 17.54 0.05
UW1 0.737893518519 17.75 0.0948683298051
UW1 0.740532407407 17.8 0.0948683298051
U 0.748472222222 17.56 0.0538516480713
U 0.751111111111 17.68 0.0538516480713
U 0.75375 17.62 0.0538516480713
U 0.756377314815 17.64 0.0632455532034
B 0.806238425926 17.86 0.101980390272
B 0.808877314815 17.68 0.0824621125124
B 0.811516203704 17.61 0.0728010988928
B 0.814155092593 17.78 0.0824621125124
W 0.81681712963 17.63 0.05
W 0.819456018519 17.65 0.05
W 0.822094907407 17.64 0.05
W 0.824733796296 17.6 0.05
V 0.88375 18.03 0.180277563773
V 0.886388888889 18.08 0.180277563773
V 0.889027777778 17.77 0.140356688476
V 0.891666666667 17.91 0.160312195419
B 0.938761574074 17.83 0.101980390272
B 0.941400462963 17.77 0.0921954445729
B 0.944039351852 17.92 0.0921954445729
B 0.946678240741 17.91 0.0921954445729
W 0.949340277778 17.76 0.05
W 0.951979166667 17.79 0.05
W 0.954618055556 17.73 0.05
W 0.957256944444 17.76 0.05
U 1.00571759259 17.83 0.0632455532034
U 1.00835648148 17.76 0.0632455532034
U 1.0109837963 17.85 0.0632455532034
U 1.01363425926 17.81 0.0538516480713
B 1.01628472222 17.82 0.0824621125124
B 1.01892361111 17.92 0.0824621125124
B 1.0215625 17.83 0.0824621125124
B 1.02420138889 17.91 0.0824621125124
W 1.02685185185 17.85 0.05
W 1.02949074074 17.84 0.05
W 1.0321412037 17.83 0.05
W 1.03478009259 17.85 0.0565685424949
V 1.08324074074 18.07 0.180277563773
V 1.08587962963 17.97 0.170293863659
V 1.08850694444 18.01 0.180277563773
V 1.09115740741 17.95 0.160312195419
B 1.13961805556 18.01 0.111803398875
B 1.14225694444 17.99 0.101980390272
B 1.14489583333 18.12 0.111803398875
B 1.14753472222 17.86 0.0824621125124
W 1.15018518519 17.97 0.05
W 1.15282407407 18.01 0.05
W 1.15546296296 17.95 0.05
W 1.15810185185 17.99 0.05
U 1.36163194444 18.2 0.0632455532034
U 1.36425925926 18.24 0.0728010988928
U 1.36689814815 18.11 0.0632455532034
U 1.36954861111 18.17 0.0824621125124
V 1.41800925926 18.14 0.190262975904
V 1.42064814815 18.24 0.210237960416
V 1.42328703704 18.19 0.200249843945
V 1.42592592593 18.56 0.270185121722
B 1.47440972222 18.61 0.181107702763
B 1.47704861111 18.15 0.111803398875
B 1.47967592593 18.42 0.13152946438
B 1.48231481481 18.27 0.111803398875
W 1.48497685185 18.37 0.0565685424949
W 1.48761574074 18.41 0.0565685424949
W 1.49025462963 18.34 0.0565685424949
W 1.49289351852 18.41 0.0565685424949
U 1.54134259259 18.36 0.0921954445729
U 1.54398148148 18.39 0.0824621125124
U 1.54662037037 18.37 0.0824621125124
U 1.54925925926 18.39 0.0728010988928
B 1.5519212963 18.26 0.111803398875
B 1.55456018519 18.13 0.101980390272
B 1.55719907407 18.31 0.111803398875
B 1.55983796296 18.06 0.161245154966
B 2.494375 18.77 0.0824621125124
B 2.56131944444 18.64 0.0728010988928
B 2.62827546296 18.8 0.0824621125124
B 2.76219907407 18.83 0.25079872408
U 3.16518518519 18.93 0.141421356237
B 3.1666087963 18.68 0.181107702763
U 3.23185185185 18.96 0.141421356237
B 3.23327546296 19.02 0.220907220344
U 3.29921296296 19.01 0.141421356237
B 3.30063657407 18.56 0.171172427686
U 3.36586805556 18.95 0.141421356237
B 3.36728009259 18.61 0.171172427686
U 3.43255787037 19.14 0.151327459504
B 3.43398148148 18.89 0.210950231097
U 3.49989583333 19.03 0.141421356237
B 3.50131944444 18.55 0.161245154966
U 3.56655092593 19.08 0.151327459504
B 3.56797453704 18.9 0.210950231097
U 3.63391203704 19.01 0.141421356237
B 3.63533564815 18.63 0.171172427686
U 3.69594907407 18.93 0.161245154966
B 3.69690972222 18.6 0.210950231097
U 3.76552083333 18.88 0.141421356237
B 3.76677083333 18.65 0.191049731745
U 3.8334375 19.12 0.161245154966
B 3.83475694444 18.52 0.171172427686
UW2 3.89253472222 21.92 0.3214031736
V 3.89774305556 18.19 0.220227155455
UW1 3.90299768519 20.45 0.231948270095
U 3.905625 19.08 0.151327459504
U 3.905625 20.45 0.231948270095
U 3.905625 21.92 0.3214031736
B 3.90696759259 18.59 0.161245154966
UW2 3.95989583333 21.98 0.331360830516
V 3.96581018519 18.07 0.190262975904
UW1 3.97175925926 20.55 0.222036033112
U 3.9747337963 21.98 0.331360830516
U 3.9747337963 19.12 0.151327459504
U 3.9747337963 20.55 0.222036033112
B 3.97625 18.23 0.13152946438
UW2 4.02655092593 22.23 0.351283361405
V 4.0333912037 18.33 0.220227155455
UW1 4.04027777778 20.89 0.25179356624
U 4.04371527778 18.9 0.13152946438
U 4.04371527778 20.89 0.25179356624
U 4.04371527778 22.23 0.351283361405
B 4.04546296296 18.41 0.141421356237
UW2 4.09321759259 22.22 0.341320963318
V 4.10005787037 18.25 0.200249843945
UM2 4.10180555556 21.8 0.361247837364
UW1 4.10693287037 20.49 0.202237484162
U 4.11037037037 22.22 0.341320963318
U 4.11037037037 18.85 0.121655250606
U 4.11037037037 21.8 0.361247837364
U 4.11037037037 20.49 0.202237484162
B 4.11212962963 18.48 0.141421356237
UW2 4.1605787037 22.04 0.311448230048
V 4.16734953704 18.01 0.170293863659
UM2 4.16907407407 21.74 0.341320963318
UW1 4.17422453704 20.65 0.222036033112
U 4.17765046296 22.04 0.311448230048
U 4.17765046296 21.74 0.341320963318
U 4.17765046296 20.65 0.222036033112
U 4.17765046296 19.06 0.13152946438
B 4.17939814815 18.34 0.13152946438
UW2 4.23280092593 21.8 0.301496268634
V 4.23777777778 18.19 0.220227155455
UW1 4.24280092593 20.7 0.261725046566
U 4.2453125 20.7 0.261725046566
U 4.2453125 21.8 0.301496268634
U 4.2453125 19.05 0.151327459504
B 4.24659722222 18.35 0.161245154966
UW2 4.29460648148 21.71 0.25179356624
V 4.30143518519 18.34 0.210237960416
UW1 4.30833333333 20.96 0.271661554144
U 4.31178240741 20.96 0.271661554144
U 4.31178240741 18.99 0.13152946438
U 4.31178240741 21.71 0.25179356624
B 4.31353009259 18.41 0.141421356237
UW2 4.36127314815 22.01 0.301496268634
V 4.36811342593 18.11 0.190262975904
UW1 4.37498842593 20.69 0.231948270095
U 4.3784375 22.01 0.301496268634
U 4.3784375 20.69 0.231948270095
U 4.3784375 19.06 0.13152946438
B 4.38019675926 18.49 0.151327459504
UW2 4.42795138889 21.59 0.231948270095
V 4.43479166667 18.21 0.190262975904
UM2 4.43652777778 21.77 0.351283361405
UW1 4.44166666667 20.95 0.271661554144
U 4.44510416667 20.95 0.271661554144
U 4.44510416667 21.77 0.351283361405
U 4.44510416667 21.59 0.231948270095
U 4.44510416667 19.07 0.141421356237
B 4.44685185185 18.64 0.161245154966
UW2 4.4953125 21.81 0.261725046566
V 4.5021412037 18.37 0.220227155455
UW1 4.50902777778 20.63 0.212132034356
U 4.5124537037 20.63 0.212132034356
U 4.5124537037 18.89 0.121655250606
U 4.5124537037 21.81 0.261725046566
B 4.51420138889 18.57 0.151327459504
UW2 4.56196759259 21.99 0.291547594742
V 4.56880787037 18.16 0.190262975904
UM2 4.57054398148 21.65 0.331360830516
UW1 4.57568287037 20.57 0.212132034356
U 4.57912037037 21.99 0.291547594742
U 4.57912037037 20.57 0.212132034356
U 4.57912037037 21.65 0.331360830516
U 4.57912037037 19.0 0.13152946438
B 4.58086805556 18.51 0.151327459504
UW2 4.62931712963 21.93 0.361247837364
V 4.63313657407 18.07 0.230217288664
UW1 4.64600694444 20.63 0.291547594742
U 4.64795138889 21.93 0.361247837364
U 4.64795138889 18.84 0.151327459504
U 4.64795138889 20.63 0.291547594742
B 4.64894675926 18.49 0.200997512422
V 4.69865740741 18.06 0.280178514522
U 4.70270833333 18.85 0.181107702763
B 4.70341435185 18.52 0.210950231097
V 4.76625 18.12 0.280178514522
U 4.77064814815 19.09 0.200997512422
B 4.77141203704 18.61 0.25079872408
V 4.83498842593 18.01 0.250199920064
UW1 4.83792824074 20.83 0.351283361405
U 4.83938657407 20.83 0.351283361405
U 4.83938657407 19.02 0.191049731745
B 4.84015046296 18.57 0.240831891576
U 8.92907407407 21.76 0.192353840617
UW2 8.92907407407 21.76 0.192353840617
V 8.92991898148 17.7 0.110453610172
U 8.93079861111 20.71 0.162788205961
UW1 8.93079861111 20.71 0.162788205961
U 8.93125 19.05 0.101980390272
B 8.93149305556 18.34 0.101980390272
UW2 11.8603240741 21.87 0.133416640641
U 11.8603240741 21.87 0.133416640641
UM2 11.8651851852 22.12 0.152970585408
U 11.8651851852 22.12 0.152970585408
UW1 11.8700347222 21.13 0.104403065089
U 11.8700347222 21.13 0.104403065089
UW2 18.8996875 22.22 0.152970585408
U 18.8996875 22.22 0.152970585408
V 18.9029976852 18.33 0.100498756211
U 18.9038541667 22.36 0.202237484162
UM2 18.9038541667 22.36 0.202237484162
UW1 18.9063310185 21.81 0.192353840617
U 18.9063310185 21.81 0.192353840617
U 18.9079976852 20.6 0.151327459504
B 18.9088657407 19.36 0.121655250606
U 20.8972569444 22.4 0.152970585408
UW2 20.8972569444 22.4 0.152970585408
UM2 20.9037615741 22.63 0.182482875909
U 20.9037615741 22.63 0.182482875909
U 20.9102662037 21.84 0.133416640641
UW1 20.9102662037 21.84 0.133416640641
